20
 0         0
 1         0
 0         0.866
 1         0.866
 0         1.866
 1         1.866
 0         2.866
 1         2.866
 0         3.866
 1         3.866
-0.5       4.866
 0.5       4.866
 1.5       4.866
-1.5       5.866
-0.5       5.866
 1.5       5.866
-1.5       5.866
 2.5       5.866
-1         6.866
 2         6.866
17
 1     1     2     4
 1     1     4     3
 1     3     4     5
 1     5     4     6
 1     5     6     8
 1     5     8     7
 1     7     8     9
 1     9     8     10
 1     9     10    12
 1     9     12    11
 1     12    10    13
 1     11    12    15
 1     12    13    16
 1     11    15    14
 1     16    13    18
 1     14    15    19
 1     16    18    20