16
 0         0
 1         0
 0         0.866
 1         0.866
 0         1.866
 1         1.866
-0.5       2.866
 0.5       2.866
 1.5       2.866
-1.5       3.866
-0.5       3.866
 1.5       3.866
-1.5       3.866
 2.5       3.866
-1         4.866
 2         4.866
13
 1    1     2     4
 1    1     4     3
 1    3     4     5
 1    5     4     6
 1    5     6     8
 1    5     8     7
 1    8     6     9
 1    7     8    11
 1    8     9    12
 1    7    11    10
 1    12    9    14
 1    10   11    15
 1    12   14    16