#Exudyn nonlinear static solver static solver solution file
#simulation started=2024-04-24,16:07:25
#columns contain: time, ODE2 displacements, ODE2 velocities, ODE2 accelerations, AE coordinates, Data coordinates
#number of system coordinates [nODE2, nODE1, nAlgebraic, nData] = [36,0,3,64]
#number of written coordinates [nODE2, nVel2, nAcc2, nODE1, nVel1, nAlgebraic, nData] = [36,0,0,0,0,3,64]
#total columns exported  (excl. time) = 103
#number of load steps (planned) = 40
#Exudyn version = 1.8.0; Python3.9.13; Windows AVX2 FLOAT64
#
#solution information = ANCF cable with imposed curvature or applied tip force/torque
0,0,0,0,0,0,0,0,0,0,0,0,0,0,0,0,0,0,0,0,0,0,0,0,0,0,0,0,0,0,0,0,0,0,0,0,0,0,0,0,0.1,0.1,0.1,0.1,0.1,0.1,0.1,0.1,0.1,0.1,0.1,0.1,0.1,0.1,0.1,0.1,0.1,0.1,0.1,0.1,0.1,0.1,0.1,0.1,0.1,0.1,0.1,0.1,0.1,0.1,0.1,0.1,0.1,0.1,0.1,0.1,0.1,0.1,0.1,0.1,0.1,0.1,0.1,0.1,0.1,0.1,0.1,0.1,0.1,0.1,0.1,0.1,0.1,0.1,0.1,0.1,0.1,0.1,0.1,0.1,0.1,0.1,0.1,0.1
0.00625,2.657935562e-19,3.668474172e-19,6.33858239e-06,0,-0.0001048244116,-0.006292564381,-0.001235359425,-0.04968446239,-0.0006811321808,-0.02307486996,-0.003536289723,-0.08402044964,-0.001831068204,-0.04697055114,-0.005675706729,-0.1063849775,-0.003450365337,-0.07536144137,-0.007216166924,-0.1199112157,-0.005379171374,-0.1063514149,-0.008136066013,-0.1272984853,-0.007476849972,-0.1386680812,-0.008586262541,-0.1307606531,-0.009648611815,-0.1715489622,-0.008756743993,-0.1320479797,-0.01184565081,-0.2046199562,-0.008811387114,-0.1324578365,-0.0001338082426,0.00519561027,0.004023736483,0.1,0.1,0.1,0.1,0.1,0.1,0.1,0.1,0.1,0.1,0.1,0.1,0.1,0.1,0.1,0.1,0.1,0.1,0.1,0.1,0.1,0.1,0.1,0.1,0.1,0.1,0.1,0.1,0.1,0.1,0.1,0.1,0.1,0.1,0.1,0.1,0.1,0.1,0.1,0.1,0.1,0.1,0.1,0.1,0.1,0.1,0.1,0.1,0.1,0.1,0.1,0.1,0.1,0.1,0.1,0.1,0.1,0.1,0.1,0.1,0.1,0.1,0.1,0.1
0.0078125,3.659639824e-14,-9.882230172e-17,6.692317629e-06,0,-0.0003008844907,-0.01063271846,-0.003586536433,-0.08461455227,-0.002002523918,-0.03941634575,-0.01060910987,-0.1452796092,-0.005497604767,-0.08096397781,-0.01755336679,-0.1865431509,-0.01055910003,-0.1309778103,-0.02290061005,-0.2127799788,-0.01673419956,-0.1861877494,-0.02632626526,-0.2279416645,-0.02356460831,-0.2442240764,-0.02812312982,-0.2354865598,-0.03069884865,-0.3035213442,-0.02882091496,-0.2383497859,-0.03793047738,-0.3632164952,-0.0289902332,-0.2390393234,-0.0002862727891,0.007781657706,0.006744095331,0.1,0.1,0.1,0.1,0.1,0.1,0.1,0.1,0.1,0.1,0.1,0.1,0.1,0.1,0.1,0.1,0.1,0.1,0.1,0.1,0.1,0.1,0.1,0.1,0.1,0.1,0.1,0.1,0.1,0.1,0.1,0.1,0.1,0.1,0.1,0.1,0.1,0.1,0.1,0.1,0.1,0.1,0.1,0.1,0.1,0.1,0.1,0.1,0.1,0.1,0.1,0.1,0.1,0.1,0.1,0.1,0.1,0.1,0.1,0.1,0.1,0.1,0.1,0.1
0.00791015625,-1.510559011e-16,4.674646592e-18,6.688575629e-06,0,-0.000397281225,-0.012212067,-0.004743004123,-0.0972781013,-0.002658596409,-0.04536812512,-0.01414496648,-0.1676024436,-0.007333891732,-0.0933600368,-0.02356581883,-0.2158156546,-0.01414450972,-0.1512707953,-0.03091796392,-0.2467363427,-0.02249719566,-0.21533892,-0.03571284154,-0.2648547566,-0.03178489864,-0.2828449528,-0.0383598741,-0.2743112327,-0.04154808062,-0.3520270316,-0.03954652982,-0.2784389502,-0.05147728664,-0.4217837687,-0.03980737595,-0.2793380226,-0.0003048067891,0.008599935908,0.007721705461,0.1,0.1,0.1,0.1,0.1,0.1,0.1,0.1,0.1,0.1,0.1,0.1,0.1,0.1,0.1,0.1,0.1,0.1,0.1,0.1,6.82855719e-06,0.1,0.1,0.1,0.1,0.1,0.1,0.1,0.1,0.1,0.1,0.1,0.1,0.1,0.1,0.1,0.1,0.1,0.1,0.1,0.1,0.1,0.1,0.1,0.1,0.1,0.1,0.1,0.0008026187872,-0.01984362381,0.0008400784211,0.1,0.1,0.1,0.1,0.1,0.1,0.1,0.1,0.1,0.1,0.1,0.1,0.1
0.008984375,-6.152474205e-21,-8.374517957e-25,7.108683276e-06,0,-0.0004141252563,-0.0124682359,-0.004943596188,-0.09930899659,-0.002744765616,-0.04613772808,-0.01449686445,-0.1696594729,-0.007491015051,-0.09449731347,-0.02375253871,-0.2166581832,-0.01430281011,-0.1524177558,-0.03070735445,-0.2459065108,-0.02255684701,-0.216114595,-0.03513298873,-0.262734151,-0.03168715183,-0.2830568955,-0.0377517397,-0.2721715912,-0.04134279444,-0.3518639903,-0.03928080823,-0.2775205385,-0.05121913274,-0.4214384898,-0.03961879837,-0.2786887844,-0.0005323929504,0.009346752716,0.007944608988,0.1,0.1,0.1,0.1,0.1,0.1,0.1,0.1,0.1,0.1,0.1,0.1,0.1,0.1,0.1,0.1,0.1,0.1,0.1,0.1,6.82855719e-06,0.1,0.1,0.1,0.1,0.1,0.1,0.1,0.1,0.1,0.1,0.1,0.1,0.1,0.1,0.1,0.1,0.1,0.1,0.1,0.1,0.1,0.1,0.1,0.1,0.1,0.1,0.1,0.0008026187872,-0.01984362381,0.0008400784211,0.1,0.1,0.1,0.1,0.1,0.1,0.1,0.1,0.1,0.1,0.1,0.1,0.1
0.01015625,5.294152934e-21,-3.325213064e-23,7.492253095e-06,0,-0.0004296654803,-0.01269996748,-0.005128671001,-0.1011462342,-0.002823644208,-0.04683185948,-0.01481618081,-0.1715040522,-0.007634612838,-0.09552395761,-0.02392537071,-0.2174349988,-0.01445048856,-0.1534654134,-0.03053817579,-0.2452377931,-0.0226215302,-0.2168480797,-0.03463482122,-0.2608975751,-0.03160902401,-0.2832746344,-0.03715184731,-0.2700425227,-0.0411341476,-0.3516239253,-0.03883538647,-0.2759738808,-0.05090613713,-0.4208372488,-0.03921561457,-0.2772955093,-0.0007412587031,0.0100564735,0.008148575569,0.1,0.1,0.1,0.1,0.1,0.1,0.1,0.1,0.1,0.1,0.1,0.1,0.1,0.1,0.1,0.1,0.1,0.1,0.1,0.1,6.82855719e-06,0.1,0.1,0.1,0.1,0.1,0.1,0.1,0.1,0.1,0.1,0.1,0.1,0.1,0.1,0.1,0.1,0.1,0.1,0.1,0.1,0.1,0.1,0.1,0.1,0.1,0.1,0.1,0.0008026187872,-0.01984362381,0.0008400784211,0.1,0.1,0.1,0.1,0.1,0.1,0.1,0.1,0.1,0.1,0.1,0.1,0.1
0.011328125,-4.108128732e-19,-2.018174423e-21,7.86190839e-06,0,-0.0004453478457,-0.01292955684,-0.005315500257,-0.1029673664,-0.00290291024,-0.04751934725,-0.01513557186,-0.1733288693,-0.007778350515,-0.0965402255,-0.02409594271,-0.2181987611,-0.01459810827,-0.1545016213,-0.03036949793,-0.2445691253,-0.02268697352,-0.2175714406,-0.03414457998,-0.2590766257,-0.03153419653,-0.283487181,-0.03656451157,-0.2679403403,-0.04093193832,-0.3513864166,-0.03840206673,-0.274460178,-0.05060253969,-0.4202468424,-0.03882416823,-0.2759354834,-0.0009473472486,0.01076315385,0.008351036284,0.1,0.1,0.1,0.1,0.1,0.1,0.1,0.1,0.1,0.1,0.1,0.1,0.1,0.1,0.1,0.1,0.1,0.1,0.1,0.1,6.82855719e-06,0.1,0.1,0.1,0.1,0.1,0.1,0.1,0.1,0.1,0.1,0.1,0.1,0.1,0.1,0.1,0.1,0.1,0.1,0.1,0.1,0.1,0.1,0.1,0.1,0.1,0.1,0.1,0.0008026187872,-0.01984362381,0.0008400784211,0.1,0.1,0.1,0.1,0.1,0.1,0.1,0.1,0.1,0.1,0.1,0.1,0.1
0.012109375,-9.20336461e-19,6.098858883e-21,8.020319456e-06,0,-0.0004517118609,-0.01302158956,-0.005391268509,-0.1036963271,-0.002936437423,-0.04780424055,-0.01527895616,-0.1741421575,-0.007844004945,-0.09698722654,-0.02419813977,-0.2186550469,-0.01467079383,-0.1549798305,-0.03030716266,-0.2443213122,-0.0227230955,-0.2179099999,-0.03391386196,-0.2582148453,-0.03150394323,-0.2835825279,-0.03629117747,-0.2669560593,-0.04084672375,-0.3512864948,-0.03823367258,-0.2738694603,-0.05047987931,-0.4200160802,-0.03868388363,-0.275446267,-0.001111629509,0.01108033302,0.008432974964,0.1,0.1,0.1,0.1,0.1,0.1,0.1,0.1,0.1,0.1,0.1,0.1,0.1,0.1,0.1,0.1,0.1,0.1,0.1,0.1,-0.0001833793847,0.1,0.1,0.1,0.1,0.1,0.1,0.1,0.1,0.1,0.1,0.1,0.1,0.1,0.1,0.1,0.1,0.1,0.1,0.1,0.1,0.1,0.1,0.1,0.1,0.1,0.1,0.1,0.0008026187872,-0.01984362381,0.0008400784211,0.1,0.1,0.1,0.1,0.1,0.1,0.1,0.1,0.1,0.1,0.1,0.1,0.1
0.012890625,1.082268661e-22,7.911916478e-24,8.041988729e-06,0,-0.000451066597,-0.01301238069,-0.00538340178,-0.1036197823,-0.002936928945,-0.04780080472,-0.01530346477,-0.1742819335,-0.00785790796,-0.09704948964,-0.02427952497,-0.2190177825,-0.01469878777,-0.1551018112,-0.03032767268,-0.2444022429,-0.02274475606,-0.2180080396,-0.03384172555,-0.2579446473,-0.03150411333,-0.2836015962,-0.03621340602,-0.2666755711,-0.0408417262,-0.3512869645,-0.03826661776,-0.2739850587,-0.05048791815,-0.4200621073,-0.03874586068,-0.2756623754,-0.001321443561,0.01114221282,0.008426908772,0.1,0.1,0.1,0.1,0.1,0.1,0.1,0.1,0.1,0.1,0.1,0.1,0.1,0.1,0.1,0.1,0.1,0.1,0.1,0.1,-0.0001833793847,0.1,0.1,0.1,0.1,0.1,0.1,0.1,0.1,0.1,0.1,0.1,0.1,0.1,0.1,0.1,0.1,0.1,0.1,0.1,0.1,0.1,0.1,0.1,0.1,0.1,0.1,0.1,0.0008026187872,-0.01984362381,0.0008400784211,0.1,0.1,0.1,0.1,0.1,0.1,0.1,0.1,0.1,0.1,0.1,0.1,0.1
0.015234375,-1.993039193e-22,-4.660331524e-23,8.109560868e-06,0,-0.0004491853265,-0.0129855034,-0.00536044955,-0.1033960973,-0.002938371993,-0.0477907747,-0.0153750779,-0.1746896964,-0.007898678368,-0.09723154897,-0.0245188091,-0.2200806478,-0.01478090693,-0.1554587016,-0.03038628465,-0.2446333212,-0.02280789713,-0.2182930407,-0.03362957988,-0.2571482763,-0.03150454718,-0.2836555659,-0.03598952934,-0.2658664498,-0.04082924708,-0.3512942374,-0.03837740106,-0.274373404,-0.05051762729,-0.4202165872,-0.03894434999,-0.2763532459,-0.001947583356,0.01133315027,0.008409812779,0.1,0.1,0.1,0.1,0.1,0.1,0.1,0.1,0.1,0.1,0.1,0.1,0.1,0.1,0.1,0.1,0.1,0.1,0.1,0.1,-0.0001833793847,0.1,0.1,0.1,0.1,0.1,0.1,0.1,0.1,0.1,0.1,0.1,0.1,0.1,0.1,0.1,0.1,0.1,0.1,0.1,0.1,0.1,0.1,0.1,0.1,0.1,0.1,0.1,0.0008026187872,-0.01984362381,0.0008400784211,0.1,0.1,0.1,0.1,0.1,0.1,0.1,0.1,0.1,0.1,0.1,0.1,0.1
0.016796875,2.268348763e-22,-2.727043938e-23,8.154126272e-06,0,-0.000447933938,-0.01296759303,-0.005345184392,-0.1032470748,-0.002939341386,-0.04778410032,-0.01542275694,-0.1749606118,-0.007925880328,-0.09735254437,-0.02467889197,-0.220788723,-0.0148358366,-0.1556965824,-0.03042523094,-0.2447867414,-0.02285016622,-0.21848286,-0.03348885203,-0.2566185527,-0.03150517553,-0.2836914823,-0.0358407339,-0.2653272397,-0.04082124899,-0.351298874,-0.03845154496,-0.2746329772,-0.05053782555,-0.4203194147,-0.03907704729,-0.2768140531,-0.002365349397,0.01146049964,0.008398433801,0.1,0.1,0.1,0.1,0.1,0.1,0.1,0.1,0.1,0.1,0.1,0.1,0.1,0.1,0.1,0.1,0.1,0.1,0.1,0.1,-0.0001833793847,0.1,0.1,0.1,0.1,0.1,0.1,0.1,0.1,0.1,0.1,0.1,0.1,0.1,0.1,0.1,0.1,0.1,0.1,0.1,0.1,0.1,0.1,0.1,0.1,0.1,0.1,0.1,0.0008026187872,-0.01984362381,0.0008400784211,0.1,0.1,0.1,0.1,0.1,0.1,0.1,0.1,0.1,0.1,0.1,0.1,0.1
0.018359375,1.042168266e-22,-2.988560189e-25,8.198456007e-06,0,-0.000446686583,-0.01294971521,-0.005329969384,-0.1030983373,-0.002940315096,-0.04777744435,-0.01547032292,-0.1752304365,-0.007953069271,-0.09747310926,-0.02483924555,-0.2214956175,-0.0148908499,-0.1559341579,-0.03046399155,-0.2449393324,-0.02289251542,-0.2186722778,-0.0333488087,-0.2560902506,-0.03150606407,-0.2837272737,-0.03569254207,-0.2647890628,-0.04081354993,-0.3513034556,-0.03852612236,-0.2748938003,-0.050558426,-0.4204223909,-0.0392102244,-0.277275675,-0.002783325876,0.01158811654,0.008387111641,0.1,0.1,0.1,0.1,0.1,0.1,0.1,0.1,0.1,0.1,0.1,0.1,0.1,0.1,0.1,0.1,0.1,0.1,0.1,0.1,-0.0001833793847,0.1,0.1,0.1,0.1,0.1,0.1,0.1,0.1,0.1,0.1,0.1,0.1,0.1,0.1,0.1,0.1,0.1,0.1,0.1,0.1,0.1,0.1,0.1,0.1,0.1,0.1,0.1,0.0008026187872,-0.01984362381,0.0008400784211,0.1,0.1,0.1,0.1,0.1,0.1,0.1,0.1,0.1,0.1,0.1,0.1,0.1
0.019921875,9.947601643e-23,4.189876052e-23,8.242559252e-06,0,-0.0004454432569,-0.01293187004,-0.005314804427,-0.1029498849,-0.002941293014,-0.0477708063,-0.01551777701,-0.1754991822,-0.007980246769,-0.09759325478,-0.02499987401,-0.2222013589,-0.01494595036,-0.1561714467,-0.03050256089,-0.2450910761,-0.02293494573,-0.2188613032,-0.03320943754,-0.2555633326,-0.03150721174,-0.2837629436,-0.03554494683,-0.2642518988,-0.04080614704,-0.3513079794,-0.03860113702,-0.2751558843,-0.05057942554,-0.4205255111,-0.03934388129,-0.2777381077,-0.003201507108,0.01171600385,0.008375846696,0.1,0.1,0.1,0.1,0.1,0.1,0.1,0.1,0.1,0.1,0.1,0.1,0.1,0.1,0.1,0.1,0.1,0.1,0.1,0.1,-0.0001833793847,0.1,0.1,0.1,0.1,0.1,0.1,0.1,0.1,0.1,0.1,0.1,0.1,0.1,0.1,0.1,0.1,0.1,0.1,0.1,0.1,0.1,0.1,0.1,0.1,0.1,0.1,0.1,0.0008026187872,-0.01984362381,0.0008400784211,0.1,0.1,0.1,0.1,0.1,0.1,0.1,0.1,0.1,0.1,0.1,0.1,0.1
0.023046875,1.89023892e-22,3.252097227e-24,8.330691883e-06,0,-0.000442975745,-0.01289638153,-0.005284707214,-0.1026546416,-0.002943255144,-0.04775761826,-0.01561210156,-0.1760320649,-0.008034444507,-0.09783177406,-0.02532122946,-0.2236062513,-0.01505615218,-0.1566440744,-0.03057880074,-0.2453907587,-0.02301980429,-0.2192371441,-0.032933185,-0.2545154825,-0.03151023091,-0.283833611,-0.03525249149,-0.2631840954,-0.04079240329,-0.351317356,-0.03875334389,-0.2756868424,-0.05062300015,-0.4207333911,-0.03961344503,-0.2786681828,-0.004038282302,0.01197346277,0.008353654466,0.1,0.1,0.1,0.1,0.1,0.1,0.1,0.1,0.1,0.1,0.1,0.1,0.1,0.1,0.1,0.1,0.1,0.1,0.1,0.1,-0.0001833793847,0.1,0.1,0.1,0.1,0.1,0.1,0.1,0.1,0.1,0.1,0.1,0.1,0.1,0.1,0.1,0.1,0.1,0.1,0.1,0.1,0.1,0.1,0.1,0.1,0.1,0.1,0.1,0.0008026187872,-0.01984362381,0.0008400784211,0.1,0.1,0.1,0.1,0.1,0.1,0.1,0.1,0.1,0.1,0.1,0.1,0.1
0.026171875,9.137803336e-23,7.229464709e-24,8.417441806e-06,0,-0.0004405169494,-0.01286091744,-0.005254722826,-0.1023597033,-0.002945238888,-0.0477444587,-0.01570625342,-0.1765622423,-0.008088747154,-0.09806931757,-0.02564448556,-0.2250101439,-0.01516702401,-0.1571169577,-0.03065455191,-0.245688196,-0.0231052621,-0.2196126432,-0.03265893145,-0.2534706581,-0.03151432389,-0.2839041628,-0.03496127843,-0.2621162275,-0.04077962325,-0.3513259509,-0.03890639521,-0.276219652,-0.05066772087,-0.4209404909,-0.03988402919,-0.2795983464,-0.004876006623,0.01223114107,0.008331524841,0.1,0.1,0.1,0.1,0.1,0.1,0.1,0.1,0.1,0.1,0.1,0.1,0.1,0.1,0.1,0.1,0.1,0.1,0.1,0.1,-0.0001833793847,0.1,0.1,0.1,0.1,0.1,0.1,0.1,0.1,0.1,0.1,0.1,0.1,0.1,0.1,0.1,0.1,0.1,0.1,0.1,0.1,0.1,0.1,0.1,0.1,0.1,0.1,0.1,0.0008026187872,-0.01984362381,0.0008400784211,0.1,0.1,0.1,0.1,0.1,0.1,0.1,0.1,0.1,0.1,0.1,0.1,0.1
0.029296875,5.834857776e-21,2.186955534e-23,8.503445514e-06,0,-0.0004380739583,-0.01282558251,-0.005224934083,-0.1020658807,-0.002947237568,-0.04773136043,-0.01579998734,-0.1770883718,-0.008143035809,-0.09830539815,-0.02596891594,-0.2264099061,-0.0152783139,-0.1575890437,-0.03072949504,-0.2459821656,-0.02319108198,-0.2199868028,-0.03238710876,-0.2524305527,-0.03151943541,-0.2839742917,-0.03467220474,-0.2610516022,-0.04076798325,-0.3513342824,-0.03906113643,-0.2767572452,-0.05071396224,-0.4211480106,-0.04015641974,-0.2805312892,-0.005714449498,0.0124899213,0.008309625478,0.1,0.1,0.1,0.1,0.1,0.1,0.1,0.1,0.1,0.1,0.1,0.1,0.1,0.1,0.1,0.1,0.1,0.1,0.1,0.1,-0.0001833793847,0.1,0.1,0.1,0.1,0.1,0.1,0.1,0.1,0.1,0.1,0.1,0.1,0.1,0.1,0.1,0.1,0.1,0.1,0.1,0.1,0.1,0.1,0.1,0.1,0.1,0.1,0.1,0.0008026187872,-0.01984362381,0.0008400784211,0.1,0.1,0.1,0.1,0.1,0.1,0.1,0.1,0.1,0.1,0.1,0.1,0.1
0.032421875,-8.113180223e-23,2.447083783e-24,8.588787791e-06,0,-0.0004356469308,-0.01279038033,-0.005195342488,-0.1017731962,-0.002949250229,-0.04771832104,-0.01589330455,-0.1776104995,-0.008197315763,-0.09854006601,-0.02629449984,-0.2278055031,-0.01539003134,-0.1580603903,-0.03080363322,-0.2462727183,-0.02327727097,-0.2203596721,-0.03211763757,-0.2513949212,-0.03152555637,-0.284044001,-0.03438519758,-0.2599899849,-0.04075748206,-0.3513423815,-0.03921756691,-0.2772995964,-0.05076171936,-0.421355962,-0.04043060667,-0.2814669491,-0.006553571488,0.01274984157,0.008287962934,0.1,0.1,0.1,0.1,0.1,0.1,0.1,0.1,0.1,0.1,0.1,0.1,0.1,0.1,0.1,0.1,0.1,0.1,0.1,0.1,-0.0001833793847,0.1,0.1,0.1,0.1,0.1,0.1,0.1,0.1,0.1,0.1,0.1,0.1,0.1,0.1,0.1,0.1,0.1,0.1,0.1,0.1,0.1,0.1,0.1,0.1,0.1,0.1,0.1,0.0008026187872,-0.01984362381,0.0008400784211,0.1,0.1,0.1,0.1,0.1,0.1,0.1,0.1,0.1,0.1,0.1,0.1,0.1
0.038671875,-1.072985057e-20,-3.11355186e-22,8.759044805e-06,0,-0.0004308557442,-0.01272060192,-0.005136924682,-0.1011929863,-0.002953301053,-0.0476924849,-0.01607817396,-0.1786400581,-0.00830559345,-0.09900419473,-0.02694740217,-0.2305771247,-0.01561418086,-0.1589985882,-0.03094905528,-0.2468420079,-0.02345026771,-0.2210995738,-0.03158651812,-0.2493402953,-0.03154067364,-0.2841815381,-0.03381899246,-0.2578819453,-0.04074023442,-0.3513590217,-0.0395371026,-0.2784040137,-0.05086249791,-0.4217755655,-0.04098588282,-0.2833514293,-0.008233437721,0.01327502028,0.008245711092,0.1,0.1,0.1,0.1,0.1,0.1,0.1,0.1,0.1,0.1,0.1,0.1,0.1,0.1,0.1,0.1,0.1,0.1,0.1,0.1,-0.0001833793847,0.1,0.1,0.1,0.1,0.1,0.1,0.1,0.1,0.1,0.1,0.1,0.1,0.1,0.1,0.1,0.1,0.1,0.1,0.1,0.1,0.1,0.1,0.1,0.1,0.1,0.1,0.1,0.0008026187872,-0.01984362381,0.0008400784211,0.1,0.1,0.1,0.1,0.1,0.1,0.1,0.1,0.1,0.1,0.1,0.1,0.1
0.044921875,-2.29743588e-20,-6.837044803e-22,8.926828074e-06,0,-0.0004261202335,-0.01265125041,-0.005079195281,-0.1006164489,-0.002957405518,-0.04766680933,-0.01626174639,-0.1796561437,-0.008414040916,-0.0994638436,-0.027605335,-0.2333345992,-0.01584040312,-0.1599355382,-0.03109259558,-0.247403338,-0.0236252218,-0.2218364982,-0.03106330995,-0.2472984738,-0.0315598212,-0.2843178962,-0.03325863076,-0.2557773336,-0.04072727771,-0.3513743105,-0.03986171886,-0.2795213352,-0.05096864907,-0.4221949423,-0.04154671585,-0.2852408908,-0.009915871517,0.0138039161,0.008204241496,0.1,0.1,0.1,0.1,0.1,0.1,0.1,0.1,0.1,0.1,0.1,0.1,0.1,0.1,0.1,0.1,0.1,0.1,0.1,0.1,-0.0001833793847,0.1,0.1,0.1,0.1,0.1,0.1,0.1,0.1,0.1,0.1,0.1,0.1,0.1,0.1,0.1,0.1,0.1,0.1,0.1,0.1,0.1,0.1,0.1,0.1,0.1,0.1,0.1,0.0008026187872,-0.01984362381,0.0008400784211,0.1,0.1,0.1,0.1,0.1,0.1,0.1,0.1,0.1,0.1,0.1,0.1,0.1
0.051171875,-6.819619688e-20,-4.34138243e-22,9.094502701e-06,0,-0.0004214617355,-0.01258265482,-0.005022401223,-0.1000460908,-0.002961539015,-0.047641389,-0.01644329686,-0.1806550628,-0.00852225154,-0.09991749423,-0.02826530474,-0.2360658929,-0.01606771262,-0.160867317,-0.03123487486,-0.2479593879,-0.02380147898,-0.2225678244,-0.03054922105,-0.2452745802,-0.0315827862,-0.2844522471,-0.03270611798,-0.2536838893,-0.04071905929,-0.3513897902,-0.04019331732,-0.2806578994,-0.05108107644,-0.4226171473,-0.04211495256,-0.2871413845,-0.01160025376,0.01433923135,0.008164068912,0.1,0.1,0.1,0.1,0.1,0.1,0.1,0.1,0.1,0.1,0.1,0.1,0.1,0.1,0.1,0.1,0.1,0.1,0.1,0.1,-0.0001833793847,0.1,0.1,0.1,0.1,0.1,0.1,0.1,0.1,0.1,0.1,0.1,0.1,0.1,0.1,0.1,0.1,0.1,0.1,0.1,0.1,0.1,0.1,0.1,0.1,0.1,0.1,0.1,0.0008026187872,-0.01984362381,0.0008400784211,0.1,0.1,0.1,0.1,0.1,0.1,0.1,0.1,0.1,0.1,0.1,0.1,0.1
0.057421875,-4.308800945e-20,-1.446015093e-22,9.263525503e-06,0,-0.0004168903373,-0.01251498158,-0.004966657479,-0.09948315131,-0.00296568668,-0.04761626762,-0.01662249396,-0.1816353458,-0.00862998341,-0.1003643497,-0.02892520714,-0.2387631858,-0.01629540406,-0.1617912704,-0.03137769001,-0.2485173451,-0.02397874059,-0.2232925139,-0.03004485397,-0.2432715087,-0.03160942148,-0.284584275,-0.03216200605,-0.2516040498,-0.04071571484,-0.3514061723,-0.04053249666,-0.2818154824,-0.0512000667,-0.4230433464,-0.04269124875,-0.2890548371,-0.01328626751,0.01488227183,0.008125444149,0.1,0.1,0.1,0.1,0.1,0.1,0.1,0.1,0.1,0.1,0.1,0.1,0.1,0.1,0.1,0.1,0.1,0.1,0.1,0.1,-0.0001833793847,0.1,0.1,0.1,0.1,0.1,0.1,0.1,0.1,0.1,0.1,0.1,0.1,0.1,0.1,0.1,0.1,0.1,0.1,0.1,0.1,0.1,0.1,0.1,0.1,0.1,0.1,0.1,0.0008026187872,-0.01984362381,0.0008400784211,0.1,0.1,0.1,0.1,0.1,0.1,0.1,0.1,0.1,0.1,0.1,0.1,0.1
0.069921875,1.03168351e-17,-2.853383832e-20,9.613766112e-06,0,-0.0004080731183,-0.01238345077,-0.004859059794,-0.09838744462,-0.002973941673,-0.04756726347,-0.01697153432,-0.1835290419,-0.008842400163,-0.1012320507,-0.03023282162,-0.2440123346,-0.01674734271,-0.1635986445,-0.03167214636,-0.249667113,-0.02433368998,-0.2247129751,-0.02907020013,-0.2393500477,-0.03167260102,-0.2848389344,-0.03110538393,-0.2475118001,-0.04072451463,-0.3514464086,-0.04123962901,-0.2842128572,-0.05146011432,-0.4239172444,-0.04387427618,-0.2929398844,-0.01666195718,0.01599987487,0.008054434704,0.1,0.1,0.1,0.1,0.1,0.1,0.1,0.1,0.1,0.1,0.1,0.1,0.1,0.1,0.1,0.1,0.1,0.1,0.1,0.1,-0.0001833793847,0.1,0.1,0.1,0.1,0.1,0.1,0.1,0.1,0.1,0.1,0.1,0.1,0.1,0.1,0.1,0.1,0.1,0.1,0.1,0.1,0.1,0.1,0.1,0.1,0.1,0.1,0.1,0.0008026187872,-0.01984362381,0.0008400784211,0.1,0.1,0.1,0.1,0.1,0.1,0.1,0.1,0.1,0.1,0.1,0.1,0.1
0.082421875,1.320579227e-17,-7.349620951e-20,9.981853602e-06,0,-0.0003996673513,-0.01225680385,-0.00475636542,-0.09733009526,-0.002982131267,-0.04751983888,-0.01730891819,-0.1853403997,-0.009050538371,-0.1020658095,-0.03152026064,-0.2490628044,-0.01719200972,-0.165344262,-0.0319905839,-0.2509080975,-0.02468886731,-0.2260967749,-0.02813963785,-0.2355410721,-0.03174802137,-0.2850818065,-0.03008782019,-0.2435014104,-0.04075277267,-0.3514967122,-0.0419831669,-0.2867106525,-0.05174803642,-0.4248181546,-0.04509701311,-0.2968967709,-0.02004217697,0.01715722912,0.007991329834,0.1,0.1,0.1,0.1,0.1,0.1,0.1,0.1,0.1,0.1,0.1,0.1,0.1,0.1,0.1,0.1,0.1,0.1,0.1,0.1,-0.0001833793847,0.1,0.1,0.1,0.1,0.1,0.1,0.1,0.1,0.1,0.1,0.1,0.1,0.1,0.1,0.1,0.1,0.1,0.1,0.1,0.1,0.1,0.1,0.1,0.1,0.1,0.1,0.1,0.0008026187872,-0.01984362381,0.0008400784211,0.1,0.1,0.1,0.1,0.1,0.1,0.1,0.1,0.1,0.1,0.1,0.1,0.1
0.094921875,1.347102548e-16,1.311646992e-19,1.037263937e-05,0,-0.0003916826477,-0.01213535429,-0.004658667522,-0.09631324014,-0.002990208031,-0.04747412339,-0.01763408532,-0.1870689813,-0.009253649659,-0.1028645842,-0.03278240309,-0.2539079524,-0.01762522233,-0.1670157034,-0.03233366005,-0.2522400187,-0.0250414035,-0.2274372724,-0.02725323276,-0.2318510404,-0.03183362113,-0.2853112879,-0.0291140326,-0.2395966574,-0.04079991683,-0.3515611186,-0.04276776696,-0.2893212653,-0.05206452094,-0.425753504,-0.04636503804,-0.3009399315,-0.02342703459,0.0183567712,0.007936575022,0.1,0.1,0.1,0.1,0.1,0.1,0.1,0.1,0.1,0.1,0.1,0.1,0.1,0.1,0.1,0.1,0.1,0.1,0.1,0.1,-0.0001833793847,0.1,0.1,0.1,0.1,0.1,0.1,0.1,0.1,0.1,0.1,0.1,0.1,0.1,0.1,0.1,0.1,0.1,0.1,0.1,0.1,0.1,0.1,0.1,0.1,0.1,0.1,0.1,0.0008026187872,-0.01984362381,0.0008400784211,0.1,0.1,0.1,0.1,0.1,0.1,0.1,0.1,0.1,0.1,0.1,0.1,0.1
0.107421875,-1.737258044e-16,1.201084189e-20,1.078372222e-05,0,-0.0003840586883,-0.01201831835,-0.004565247289,-0.09533060785,-0.002998197766,-0.04742984527,-0.01794901015,-0.1887274073,-0.009452756928,-0.1036340779,-0.03402639908,-0.258587192,-0.01804728691,-0.1686179253,-0.03269569065,-0.2536381958,-0.02539090614,-0.228737184,-0.02640527484,-0.2282621282,-0.03192813933,-0.2855283177,-0.02818130997,-0.23579225,-0.04086420985,-0.3516390661,-0.04359102562,-0.2920333539,-0.05240736127,-0.4267204337,-0.04767702423,-0.3050612932,-0.02681808264,0.01959222491,0.007888938599,0.1,0.1,0.1,0.1,0.1,0.1,0.1,0.1,0.1,0.1,0.1,0.1,0.1,0.1,0.1,0.1,0.1,0.1,0.1,0.1,-0.0001833793847,0.1,0.1,0.1,0.1,0.1,0.1,0.1,0.1,0.1,0.1,0.1,0.1,0.1,0.1,0.1,0.1,0.1,0.1,0.1,0.1,0.1,0.1,0.1,0.1,0.1,0.1,0.1,0.0008026187872,-0.01984362381,0.0008400784211,0.1,0.1,0.1,0.1,0.1,0.1,0.1,0.1,0.1,0.1,0.1,0.1,0.1
0.132421875,2.310478224e-18,1.510993035e-18,1.165245727e-05,0,-0.000369642588,-0.01179401379,-0.004388277158,-0.09344058556,-0.003014062716,-0.04734430215,-0.01855659238,-0.1918843887,-0.009844545467,-0.1051115453,-0.03650040035,-0.2676315345,-0.01886537057,-0.1716542982,-0.033445305,-0.2565064274,-0.02608174711,-0.2312306327,-0.02480257468,-0.2213123173,-0.03214087999,-0.2859299882,-0.02642498641,-0.2284467962,-0.04103786799,-0.3518291833,-0.04533857243,-0.2977011785,-0.05316249337,-0.4287297015,-0.05042177274,-0.3134905818,-0.03362714474,0.02214389316,0.007809699782,0.1,0.1,0.1,0.1,0.1,0.1,0.1,0.1,0.1,0.1,0.1,0.1,0.1,0.1,0.1,0.1,0.1,0.1,0.1,0.1,-0.0001833793847,0.1,0.1,0.1,0.1,0.1,0.1,0.1,0.1,0.1,0.1,0.1,0.1,0.1,0.1,0.1,0.1,0.1,0.1,0.1,0.1,0.1,0.1,0.1,0.1,0.1,0.1,0.1,0.0008026187872,-0.01984362381,0.0008400784211,0.1,0.1,0.1,0.1,0.1,0.1,0.1,0.1,0.1,0.1,0.1,0.1,0.1
0.157421875,-6.608058353e-17,4.826647105e-19,1.254676854e-05,0,-0.0003558705965,-0.01157577648,-0.004219010961,-0.09159663197,-0.00303016103,-0.04726010218,-0.01915148866,-0.1949224835,-0.0102393459,-0.1065545394,-0.03903684809,-0.2765761196,-0.01966944804,-0.1745548773,-0.03419222852,-0.2593269703,-0.02677136968,-0.2336275255,-0.02328677859,-0.2145238164,-0.03238550747,-0.2863010139,-0.02477698712,-0.2213209866,-0.04126289254,-0.352045192,-0.04718557447,-0.3035656159,-0.05399377936,-0.4307927352,-0.05329981675,-0.3220675965,-0.0404823724,0.02474812104,0.007741156785,0.1,0.1,0.1,0.1,0.1,0.1,0.1,0.1,0.1,0.1,0.1,0.1,0.1,0.1,0.1,0.1,0.1,0.1,0.1,0.1,-0.0001833793847,0.1,0.1,0.1,0.1,0.1,0.1,0.1,0.1,0.1,0.1,0.1,0.1,0.1,0.1,0.1,0.1,0.1,0.1,0.1,0.1,0.1,0.1,0.1,0.1,0.1,0.1,0.1,0.0008026187872,-0.01984362381,0.0008400784211,0.1,0.1,0.1,0.1,0.1,0.1,0.1,0.1,0.1,0.1,0.1,0.1,0.1
0.182421875,-3.574897743e-17,3.946230409e-19,1.345164837e-05,0,-0.0003425233088,-0.01136031583,-0.004054864378,-0.0897728502,-0.003046657048,-0.04717585782,-0.01974186282,-0.1978875213,-0.01064387517,-0.1079893452,-0.0416865582,-0.2856016564,-0.0204739849,-0.1773788133,-0.03490206649,-0.261972663,-0.02746539328,-0.2359522074,-0.0218378965,-0.2078201629,-0.03266223654,-0.2866485288,-0.02321691197,-0.2143465453,-0.04153395391,-0.3522744943,-0.04910811994,-0.309539945,-0.05489101117,-0.4328801277,-0.05629421455,-0.3307293207,-0.04739199768,0.02737978311,0.00767836277,0.1,0.1,0.1,0.1,0.1,0.1,0.1,0.1,0.1,0.1,0.1,0.1,0.1,0.1,0.1,0.1,0.1,0.1,0.1,0.1,-0.0001833793847,0.1,0.1,0.1,0.1,0.1,0.1,0.1,0.1,0.1,0.1,0.1,0.1,0.1,0.1,0.1,0.1,0.1,0.1,0.1,0.1,0.1,0.1,0.1,0.1,0.1,0.1,0.1,0.0008026187872,-0.01984362381,0.0008400784211,0.1,0.1,0.1,0.1,0.1,0.1,0.1,0.1,0.1,0.1,0.1,0.1,0.1
0.207421875,7.521715825e-18,1.988427726e-20,1.437006254e-05,0,-0.0003295756824,-0.0111473831,-0.003895519464,-0.08796677433,-0.003063525824,-0.0470913783,-0.0203286189,-0.2007871764,-0.01105908965,-0.1094196677,-0.0444569988,-0.2947230936,-0.0212875427,-0.1801591271,-0.0355666553,-0.2644192274,-0.02816871021,-0.2382230911,-0.02044609264,-0.2011630104,-0.03297203425,-0.2869779279,-0.02172959527,-0.2074692557,-0.0418477535,-0.3525072118,-0.05108767253,-0.3155606361,-0.05584732873,-0.4349705806,-0.05939240235,-0.339431591,-0.05435440714,0.03003634327,0.007620860151,0.1,0.1,0.1,0.1,0.1,0.1,0.1,0.1,0.1,0.1,0.1,0.1,0.1,0.1,0.1,0.1,0.1,0.1,0.1,0.1,-0.0001833793847,0.1,0.1,0.1,0.1,0.1,0.1,0.1,0.1,0.1,0.1,0.1,0.1,0.1,0.1,0.1,0.1,0.1,0.1,0.1,0.1,0.1,0.1,0.1,0.1,0.1,0.1,0.1,0.0008026187872,-0.01984362381,0.0008400784211,0.1,0.1,0.1,0.1,0.1,0.1,0.1,0.1,0.1,0.1,0.1,0.1,0.1
0.232421875,-1.455023843e-17,2.9710685e-20,1.531986555e-05,0,-0.0003171306365,-0.01093893174,-0.003742135746,-0.08619268984,-0.003080575337,-0.04700737247,-0.02090725514,-0.2036028858,-0.01148131836,-0.1108335785,-0.04731938959,-0.3038380264,-0.02211146116,-0.1829025983,-0.03619708462,-0.2667138259,-0.02888285794,-0.2404478614,-0.01910977807,-0.1945499053,-0.03331451303,-0.2872918979,-0.0203083124,-0.2006678054,-0.04220185282,-0.3527388422,-0.05311458397,-0.3215955452,-0.05685882851,-0.4370551224,-0.06258914534,-0.348154654,-0.06136135656,0.03273147882,0.007571392402,0.1,0.1,0.1,0.1,0.1,0.1,0.1,0.1,0.1,0.1,0.1,0.1,0.1,0.1,0.1,0.1,0.1,0.1,0.1,0.1,-0.0001833793847,0.1,0.1,0.1,0.1,0.1,0.1,0.1,0.1,0.1,0.1,0.1,0.1,0.1,0.1,0.1,0.1,0.1,0.1,0.1,0.1,0.1,0.1,0.1,0.1,0.1,0.1,0.1,0.0008026187872,-0.01984362381,0.0008400784211,0.1,0.1,0.1,0.1,0.1,0.1,0.1,0.1,0.1,0.1,0.1,0.1,0.1
0.257421875,-2.207501628e-17,1.217609937e-19,1.63186881e-05,0,-0.0003052748889,-0.01073678072,-0.003595677278,-0.08446372132,-0.003097608536,-0.04692454123,-0.02147343459,-0.2063179789,-0.01190662615,-0.1122195964,-0.05024128082,-0.3128449579,-0.02294376127,-0.1856054181,-0.03680843063,-0.268916157,-0.02960724738,-0.2426285537,-0.01782986724,-0.1879910189,-0.03368811185,-0.2875916509,-0.01895074147,-0.1939397688,-0.04259392489,-0.3529681486,-0.0551845831,-0.3276306673,-0.0579228833,-0.4391316417,-0.06588279191,-0.3568901123,-0.0684046988,0.03547750613,0.007532445219,0.1,0.1,0.1,0.1,0.1,0.1,0.1,0.1,0.1,0.1,0.1,0.1,0.1,0.1,0.1,0.1,0.1,0.1,0.1,0.1,-0.0001833793847,0.1,0.1,0.1,0.1,0.1,0.1,0.1,0.1,0.1,0.1,0.1,0.1,0.1,0.1,0.1,0.1,0.1,0.1,0.1,0.1,0.1,0.1,0.1,0.1,0.1,0.1,0.1,0.0008026187872,-0.01984362381,0.0008400784211,0.1,0.1,0.1,0.1,0.1,0.1,0.1,0.1,0.1,0.1,0.1,0.1,0.1
0.282421875,-4.760196958e-18,-5.429827148e-18,1.737719618e-05,0,-0.000294031197,-0.01054172718,-0.003456367071,-0.08278516067,-0.003114501254,-0.04684321595,-0.02202517159,-0.2089275371,-0.01233281157,-0.1135728216,-0.05320298375,-0.321692391,-0.02378241158,-0.1882641641,-0.03741105756,-0.2710665761,-0.03034089594,-0.2447663066,-0.01660654987,-0.1814940636,-0.03409101953,-0.2878780396,-0.01765537534,-0.1872864585,-0.04302170248,-0.353194695,-0.0572946699,-0.3336567262,-0.05903701826,-0.4411991551,-0.06927103812,-0.3656286452,-0.07547917688,0.03827902865,0.0075049897,0.1,0.1,0.1,0.1,0.1,0.1,0.1,0.1,0.1,0.1,0.1,0.1,0.1,0.1,0.1,0.1,0.1,0.1,0.1,0.1,-0.0001833793847,0.1,0.1,0.1,0.1,0.1,0.1,0.1,0.1,0.1,0.1,0.1,0.1,0.1,0.1,0.1,0.1,0.1,0.1,0.1,0.1,0.1,0.1,0.1,0.1,0.1,0.1,0.1,0.0008026187872,-0.01984362381,0.0008400784211,0.1,0.1,0.1,0.1,0.1,0.1,0.1,0.1,0.1,0.1,0.1,0.1,0.1
0.307421875,3.030976431e-17,1.236168349e-17,1.850056708e-05,0,-0.0002833805227,-0.01035384531,-0.00332394853,-0.08115682535,-0.00313118959,-0.04676346122,-0.02256217433,-0.2114344922,-0.0127590499,-0.1148929907,-0.05619571171,-0.3303662816,-0.02462620487,-0.1908781635,-0.03801064263,-0.273187071,-0.03108313069,-0.2468629487,-0.0154389101,-0.1750616618,-0.0345216561,-0.2881519595,-0.01642032786,-0.1807071538,-0.04348308068,-0.3534178459,-0.0594414113,-0.339663989,-0.06019858398,-0.4432556566,-0.07274939996,-0.3743563745,-0.08258161075,0.04113537172,0.007488957611,0.1,0.1,0.1,0.1,0.1,0.1,0.1,0.1,0.1,0.1,0.1,0.1,0.1,0.1,0.1,0.1,0.1,0.1,0.1,0.1,-0.0001833793847,0.1,0.1,0.1,0.1,0.1,0.1,0.1,0.1,0.1,0.1,0.1,0.1,0.1,0.1,0.1,0.1,0.1,0.1,0.1,0.1,0.1,0.1,0.1,0.1,0.1,0.1,0.1,0.0008026187872,-0.01984362381,0.0008400784211,0.1,0.1,0.1,0.1,0.1,0.1,0.1,0.1,0.1,0.1,0.1,0.1,0.1
0.332421875,-9.220321888e-18,4.772405296e-18,1.969116187e-05,0,-0.0002732875239,-0.01017289194,-0.003197981251,-0.07957616889,-0.003147641905,-0.0466852245,-0.023084903,-0.2138448495,-0.0131851863,-0.1161818114,-0.05921635101,-0.338870072,-0.02547458747,-0.1934486316,-0.0386102464,-0.2752894468,-0.0318336224,-0.2489209278,-0.01432539623,-0.1686930552,-0.03497874341,-0.2884143651,-0.01524336991,-0.1741988993,-0.043976163,-0.3536366879,-0.06162079191,-0.3456419055,-0.06140479512,-0.4452981155,-0.07631146961,-0.383056114,-0.0897097049,0.04404366243,0.007483846971,0.1,0.1,0.1,0.1,0.1,0.1,0.1,0.1,0.1,0.1,0.1,0.1,0.1,0.1,0.1,0.1,0.1,0.1,0.1,0.1,-0.0001833793847,0.1,0.1,0.1,0.1,0.1,0.1,0.1,0.1,0.1,0.1,0.1,0.1,0.1,0.1,0.1,0.1,0.1,0.1,0.1,0.1,0.1,0.1,0.1,0.1,0.1,0.1,0.1,0.0008026187872,-0.01984362381,0.0008400784211,0.1,0.1,0.1,0.1,0.1,0.1,0.1,0.1,0.1,0.1,0.1,0.1,0.1
0.357421875,-1.256790843e-17,-1.856215412e-18,2.095011416e-05,0,-0.0002637134866,-0.009998524467,-0.003077989875,-0.0780399339,-0.00316384166,-0.04660841634,-0.02359406056,-0.2161652508,-0.01361132628,-0.1174415523,-0.06226423247,-0.3472134759,-0.02632738553,-0.1959776933,-0.03921170417,-0.2773807034,-0.03259227113,-0.2509429657,-0.01326420857,-0.1623857568,-0.03546125306,-0.2886662125,-0.0141221687,-0.1677574717,-0.04449926086,-0.3538501612,-0.06382843577,-0.3515797765,-0.06265282898,-0.4473229382,-0.07994960799,-0.3917094634,-0.09686140522,0.04700044337,0.007489040416,0.1,0.1,0.1,0.1,0.1,0.1,0.1,0.1,0.1,0.1,0.1,0.1,0.1,0.1,0.1,0.1,0.1,0.1,0.1,0.1,-0.0001833793847,0.1,0.1,0.1,0.1,0.1,0.1,0.1,0.1,0.1,0.1,0.1,0.1,0.1,0.1,0.1,0.1,0.1,0.1,0.1,0.1,0.1,0.1,0.1,0.1,0.1,0.1,0.1,0.0008026187872,-0.01984362381,0.0008400784211,0.1,0.1,0.1,0.1,0.1,0.1,0.1,0.1,0.1,0.1,0.1,0.1,0.1
0.382421875,1.011449064e-18,6.628054436e-18,2.227806436e-05,0,-0.0002546212425,-0.009830389742,-0.002963520026,-0.07654481528,-0.003179779354,-0.04653294224,-0.02409038583,-0.2184020571,-0.0140376582,-0.1186744858,-0.06533964385,-0.3554076947,-0.0271846296,-0.1984678158,-0.03981629948,-0.279465624,-0.0333591119,-0.2529318179,-0.01225350637,-0.1561364947,-0.0359683482,-0.2889084184,-0.013054451,-0.1613781396,-0.04505087593,-0.3540571686,-0.06605979645,-0.3574672613,-0.0639399,-0.4493263466,-0.08365555632,-0.4002984003,-0.1040346408,0.05000230868,0.007503931422,0.1,0.1,0.1,0.1,0.1,0.1,0.1,0.1,0.1,0.1,0.1,0.1,0.1,0.1,0.1,0.1,0.1,0.1,0.1,0.1,-0.0001833793847,0.1,0.1,0.1,0.1,0.1,0.1,0.1,0.1,0.1,0.1,0.1,0.1,0.1,0.1,0.1,0.1,0.1,0.1,0.1,0.1,0.1,0.1,0.1,0.1,0.1,0.1,0.1,0.0008026187872,-0.01984362381,0.0008400784211,0.1,0.1,0.1,0.1,0.1,0.1,0.1,0.1,0.1,0.1,0.1,0.1,0.1
0.407421875,-2.931543251e-17,5.820316816e-18,2.367547566e-05,0,-0.0002459766262,-0.009668154585,-0.002854154363,-0.07508768045,-0.003195449043,-0.04645871316,-0.02457458333,-0.220561089,-0.0144643859,-0.1198827095,-0.06844321479,-0.3634636408,-0.02804646062,-0.2009215332,-0.0404250607,-0.2815479169,-0.034134258,-0.2548901485,-0.01129150429,-0.1499416846,-0.03649934131,-0.2891418419,-0.01203808318,-0.1550560944,-0.04562967888,-0.3542566351,-0.06831026518,-0.3632946177,-0.06526330413,-0.4513046088,-0.08742086285,-0.4088062172,-0.111227238,0.05304610729,0.00752796531,0.1,0.1,0.1,0.1,0.1,0.1,0.1,0.1,0.1,0.1,0.1,0.1,0.1,0.1,0.1,0.1,0.1,0.1,0.1,0.1,-0.0001833793847,0.1,0.1,0.1,0.1,0.1,0.1,0.1,0.1,0.1,0.1,0.1,0.1,0.1,0.1,0.1,0.1,0.1,0.1,0.1,0.1,0.1,0.1,0.1,0.1,0.1,0.1,0.1,0.0008026187872,-0.01984362381,0.0008400784211,0.1,0.1,0.1,0.1,0.1,0.1,0.1,0.1,0.1,0.1,0.1,0.1,0.1
0.432421875,6.004507e-17,1.386739313e-18,2.514277025e-05,0,-0.0002377486498,-0.009511513584,-0.002749513986,-0.07366561848,-0.00321084684,-0.04638564767,-0.02504730632,-0.2226476079,-0.01489170655,-0.1210681109,-0.07157567887,-0.3713913806,-0.02891308197,-0.2033413221,-0.04103888957,-0.2836307152,-0.03491787012,-0.2568204781,-0.01037651393,-0.1437976579,-0.03705366593,-0.2893672807,-0.01107110102,-0.148786662,-0.04623448937,-0.3544475343,-0.07057522133,-0.3690527682,-0.06662044128,-0.4532541606,-0.09123714115,-0.4172179462,-0.1184369002,0.05612898142,0.007560647696,0.1,0.1,0.1,0.1,0.1,0.1,0.1,0.1,0.1,0.1,0.1,0.1,0.1,0.1,0.1,0.1,0.1,0.1,0.1,0.1,-0.0001833793847,0.1,0.1,0.1,0.1,0.1,0.1,0.1,0.1,0.1,0.1,0.1,0.1,0.1,0.1,0.1,0.1,0.1,0.1,0.1,0.1,0.1,0.1,0.1,0.1,0.1,0.1,0.1,0.0008026187872,-0.01984362381,0.0008400784211,0.1,0.1,0.1,0.1,0.1,0.1,0.1,0.1,0.1,0.1,0.1,0.1,0.1
0.457421875,4.249041588e-16,7.361687695e-19,2.66803911e-05,0,-0.0002299092608,-0.009360188771,-0.002649255152,-0.0722759292,-0.003225970266,-0.04631367141,-0.02550915854,-0.2246663734,-0.0153198058,-0.1222323809,-0.07473779074,-0.3792000417,-0.02978473524,-0.2057295519,-0.04165861837,-0.2857168025,-0.0357101403,-0.2587251677,-0.009506959691,-0.1377007718,-0.03763085771,-0.2895854736,-0.01015171409,-0.1425653917,-0.04686425844,-0.3546288961,-0.07285005002,-0.3747332782,-0.0680088232,-0.4551716576,-0.09509620294,-0.4255204481,-0.1256612095,0.05924834881,0.007601541809,0.1,0.1,0.1,0.1,0.1,0.1,0.1,0.1,0.1,0.1,0.1,0.1,0.1,0.1,0.1,0.1,0.1,0.1,0.1,0.1,-0.0001833793847,0.1,0.1,0.1,0.1,0.1,0.1,0.1,0.1,0.1,0.1,0.1,0.1,0.1,0.1,0.1,0.1,0.1,0.1,0.1,0.1,0.1,0.1,0.1,0.1,0.1,0.1,0.1,0.0008026187872,-0.01984362381,0.0008400784211,0.1,0.1,0.1,0.1,0.1,0.1,0.1,0.1,0.1,0.1,0.1,0.1,0.1
0.482421875,-9.472415865e-17,-8.380829236e-18,2.828883319e-05,0,-0.0002224330013,-0.009213926825,-0.002553064962,-0.07091609461,-0.003240817947,-0.04624271575,-0.02596070145,-0.2266217152,-0.01574885893,-0.1233770404,-0.07793030516,-0.38689788,-0.03066168816,-0.2080884694,-0.04228503675,-0.2878087227,-0.03651128413,-0.2606064222,-0.008681382478,-0.1316474592,-0.03823054142,-0.2897971067,-0.009278298524,-0.136388083,-0.04751805369,-0.3547998054,-0.07513014284,-0.3803282926,-0.06942607267,-0.4570539868,-0.09899010784,-0.4337023093,-0.1328976328,0.06240186979,0.007650262731,0.1,0.1,0.1,0.1,0.1,0.1,0.1,0.1,0.1,0.1,0.1,0.1,0.1,0.1,0.1,0.1,0.1,0.1,0.1,0.1,-0.0001833793847,0.1,0.1,0.1,0.1,0.1,0.1,0.1,0.1,0.1,0.1,0.1,0.1,0.1,0.1,0.1,0.1,0.1,0.1,0.1,0.1,0.1,0.1,0.1,0.1,0.1,0.1,0.1,0.0008026187872,-0.01984362381,0.0008400784211,0.1,0.1,0.1,0.1,0.1,0.1,0.1,0.1,0.1,0.1,0.1,0.1,0.1
0.507421875,-8.073629532e-16,1.197868212e-17,2.996866239e-05,0,-0.0002152966775,-0.009072495851,-0.002460657209,-0.06958374781,-0.00325538947,-0.04617271637,-0.02640246229,-0.2285176022,-0.01617903396,-0.1245034677,-0.08115398009,-0.3944923926,-0.0315442288,-0.2104202002,-0.04291890583,-0.289908838,-0.03732153732,-0.2624663022,-0.007898437891,-0.1256342509,-0.03885242172,-0.2900028201,-0.008449385145,-0.1302507797,-0.04819504696,-0.3549593966,-0.07741089053,-0.3858304604,-0.0708699177,-0.4588982564,-0.1029111644,-0.4417536495,-0.1401435284,0.06558741348,0.007706471447,0.1,0.1,0.1,0.1,0.1,0.1,0.1,0.1,0.1,0.1,0.1,0.1,0.1,0.1,0.1,0.1,0.1,0.1,0.1,0.1,-0.0001833793847,0.1,0.1,0.1,0.1,0.1,0.1,0.1,0.1,0.1,0.1,0.1,0.1,0.1,0.1,0.1,0.1,0.1,0.1,0.1,0.1,0.1,0.1,0.1,0.1,0.1,0.1,0.1,0.0008026187872,-0.01984362381,0.0008400784211,0.1,0.1,0.1,0.1,0.1,0.1,0.1,0.1,0.1,0.1,0.1,0.1,0.1
0.532421875,5.822211788e-16,6.941443401e-18,3.172052964e-05,0,-0.00020847907,-0.008935682422,-0.002371768767,-0.06827664415,-0.003269685287,-0.04610361211,-0.02683494135,-0.2303577005,-0.01661049496,-0.1256129219,-0.08440958811,-0.4019904331,-0.03243266323,-0.2127267563,-0.04356096661,-0.292019366,-0.03814115476,-0.2643067387,-0.007156891857,-0.1196577814,-0.03949627663,-0.2902032149,-0.007663646485,-0.1241497494,-0.04889450431,-0.3551068466,-0.07968767264,-0.3912328576,-0.07233818364,-0.4607017742,-0.1068519061,-0.4496659016,-0.1473961506,0.06880302773,0.00776986959,0.1,0.1,0.1,0.1,0.1,0.1,0.1,0.1,0.1,0.1,0.1,0.1,0.1,0.1,0.1,0.1,0.1,0.1,0.1,0.1,-0.0001833793847,0.1,0.1,0.1,0.1,0.1,0.1,0.1,0.1,0.1,0.1,0.1,0.1,0.1,0.1,0.1,0.1,0.1,0.1,0.1,0.1,0.1,0.1,0.1,0.1,0.1,0.1,0.1,0.0008026187872,-0.01984362381,0.0008400784211,0.1,0.1,0.1,0.1,0.1,0.1,0.1,0.1,0.1,0.1,0.1,0.1,0.1
0.557421875,2.025051332e-16,-6.96335525e-18,3.354518355e-05,0,-0.0002019606898,-0.008803289061,-0.002286156513,-0.0669926359,-0.003283706662,-0.04603534385,-0.02725861826,-0.2321454228,-0.01704340509,-0.1267065641,-0.0876979302,-0.409398317,-0.03332731507,-0.2150100476,-0.0442119462,-0.2941424048,-0.038970411,-0.2661295492,-0.006455615254,-0.1137147865,-0.04016195273,-0.2903988595,-0.006919884207,-0.1180814569,-0.04961577793,-0.3552413676,-0.08195584682,-0.3965289169,-0.0738287848,-0.4624620234,-0.1108050573,-0.4574315993,-0.1546526513,0.07204691362,0.007840195079,0.1,0.1,0.1,0.1,0.1,0.1,0.1,0.1,0.1,0.1,0.1,0.1,0.1,0.1,0.1,0.1,0.1,0.1,0.1,0.1,-0.0001833793847,0.1,0.1,0.1,0.1,0.1,0.1,0.1,0.1,0.1,0.1,0.1,0.1,0.1,0.1,0.1,0.1,0.1,0.1,0.1,0.1,0.1,0.1,0.1,0.1,0.1,0.1,0.1,0.0008026187872,-0.01984362381,0.0008400784211,0.1,0.1,0.1,0.1,0.1,0.1,0.1,0.1,0.1,0.1,0.1,0.1,0.1
0.582421875,-1.290492692e-15,9.605162231e-18,3.544348283e-05,0,-0.0001957235739,-0.008675132173,-0.002203594737,-0.06572965011,-0.003297455618,-0.04596785375,-0.02767395713,-0.2338839688,-0.01747792937,-0.1277854737,-0.09101984981,-0.4167219112,-0.03422852613,-0.2172718944,-0.04487256293,-0.2962799545,-0.03980960152,-0.267936453,-0.005793578255,-0.1078020965,-0.04084936187,-0.2905902955,-0.006217017649,-0.1120425344,-0.05035829992,-0.3553622007,-0.08421073912,-0.4017123646,-0.0753397167,-0.4641766367,-0.1147634984,-0.4650441879,-0.1619100814,0.07531740406,0.00791721859,0.1,0.1,0.1,0.1,0.1,0.1,0.1,0.1,0.1,0.1,0.1,0.1,0.1,0.1,0.1,0.1,0.1,0.1,0.1,0.1,-0.0001833793847,0.1,0.1,0.1,0.1,0.1,0.1,0.1,0.1,0.1,0.1,0.1,0.1,0.1,0.1,0.1,0.1,0.1,0.1,0.1,0.1,0.1,0.1,0.1,0.1,0.1,0.1,0.1,0.0008026187872,-0.01984362381,0.0008400784211,0.1,0.1,0.1,0.1,0.1,0.1,0.1,0.1,0.1,0.1,0.1,0.1,0.1
0.607421875,1.08065805e-15,-6.852240357e-18,3.741640899e-05,0,-0.0001897511154,-0.008551040362,-0.002123872954,-0.06448566898,-0.003310934899,-0.04590108447,-0.02808141097,-0.235576359,-0.01791423705,-0.1288506624,-0.09437624634,-0.4239667117,-0.03513665784,-0.2195140394,-0.04554353122,-0.2984339353,-0.04065904467,-0.2697290864,-0.005169844813,-0.1019166252,-0.04155847898,-0.2907780429,-0.00555407373,-0.1060297518,-0.05112157757,-0.3554686099,-0.08644763638,-0.4067771675,-0.07686904969,-0.465843374,-0.1187202342,-0.4724978647,-0.1691653896,0.07861294612,0.008000740738,0.1,0.1,0.1,0.1,0.1,0.1,0.1,0.1,0.1,0.1,0.1,0.1,0.1,0.1,0.1,0.1,0.1,0.1,0.1,0.1,-0.0001833793847,0.1,0.1,0.1,0.1,0.1,0.1,0.1,0.1,0.1,0.1,0.1,0.1,0.1,0.1,0.1,0.1,0.1,0.1,0.1,0.1,0.1,0.1,0.1,0.1,0.1,0.1,0.1,0.0008026187872,-0.01984362381,0.0008400784211,0.1,0.1,0.1,0.1,0.1,0.1,0.1,0.1,0.1,0.1,0.1,0.1,0.1
0.632421875,2.122751892e-16,-1.82793179e-17,3.946507969e-05,0,-0.0001840279212,-0.008430853074,-0.002046794036,-0.06325871223,-0.00332414793,-0.04583497861,-0.02848142537,-0.2372254636,-0.01835250381,-0.1299030864,-0.09776808841,-0.4311379099,-0.03605209325,-0.2217381602,-0.04622556632,-0.3006062052,-0.04151908392,-0.2715090164,-0.004583567488,-0.09605535746,-0.04228934087,-0.290962605,-0.004930178246,-0.1000399872,-0.05190519014,-0.3555598771,-0.08866178089,-0.4117174886,-0.07841492418,-0.4674601022,-0.1226683687,-0.4797874481,-0.1764154211,0.08193208606,0.008090589855,0.1,0.1,0.1,0.1,0.1,0.1,0.1,0.1,0.1,0.1,0.1,0.1,0.1,0.1,0.1,0.1,0.1,0.1,0.1,0.1,-0.0001833793847,0.1,0.1,0.1,0.1,0.1,0.1,0.1,0.1,0.1,0.1,0.1,0.1,0.1,0.1,0.1,0.1,0.1,0.1,0.1,0.1,0.1,0.1,0.1,0.1,0.1,0.1,0.1,0.0008026187872,-0.01984362381,0.0008400784211,0.1,0.1,0.1,0.1,0.1,0.1,0.1,0.1,0.1,0.1,0.1,0.1,0.1
0.657421875,-8.600091534e-16,1.851404545e-18,4.15907626e-05,0,-0.0001785396928,-0.008314419511,-0.001972172604,-0.06204682082,-0.003337098785,-0.04576947814,-0.02887444176,-0.2388340266,-0.01879291377,-0.130943656,-0.1011964269,-0.4382404499,-0.03697523945,-0.2239458811,-0.04691938924,-0.302798576,-0.04239009063,-0.2732777536,-0.004033982727,-0.09021533546,-0.04304204594,-0.2911444725,-0.004344548527,-0.09407019736,-0.052708787,-0.3556352978,-0.09084836768,-0.4165276515,-0.07997554776,-0.4690247778,-0.1266010851,-0.4869082728,-0.1836569151,0.08527345677,0.008186620247,0.1,0.1,0.1,0.1,0.1,0.1,0.1,0.1,0.1,0.1,0.1,0.1,0.1,0.1,0.1,0.1,0.1,0.1,0.1,0.1,-0.0001833793847,0.1,0.1,0.1,0.1,0.1,0.1,0.1,0.1,0.1,0.1,0.1,0.1,0.1,0.1,0.1,0.1,0.1,0.1,0.1,0.1,0.1,0.1,0.1,0.1,0.1,0.1,0.1,0.0008026187872,-0.01984362381,0.0008400784211,0.1,0.1,0.1,0.1,0.1,0.1,0.1,0.1,0.1,0.1,0.1,0.1,0.1
0.682421875,9.897383886e-16,3.722472656e-18,4.37948898e-05,0,-0.0001732731254,-0.008201597777,-0.001899833628,-0.06084804144,-0.003349792154,-0.04570452393,-0.0292609003,-0.2404046871,-0.01923566145,-0.131973245,-0.1046624081,-0.4452790786,-0.0379065304,-0.226138784,-0.04762573183,-0.3050128302,-0.04327246707,-0.2750367651,-0.003520406697,-0.08439364252,-0.04381675469,-0.2913241273,-0.003796487379,-0.0881173894,-0.05353208703,-0.3556941776,-0.0930025446,-0.4212021122,-0.08154919416,-0.4705354337,-0.1305116326,-0.4938561078,-0.1908865034,0.08863576695,0.008288710852,0.1,0.1,0.1,0.1,0.1,0.1,0.1,0.1,0.1,0.1,0.1,0.1,0.1,0.1,0.1,0.1,0.1,0.1,0.1,0.1,-0.0001833793847,0.1,0.1,0.1,0.1,0.1,0.1,0.1,0.1,0.1,0.1,0.1,0.1,0.1,0.1,0.1,0.1,0.1,0.1,0.1,0.1,0.1,0.1,0.1,0.1,0.1,0.1,0.1,0.0008026187872,-0.01984362381,0.0008400784211,0.1,0.1,0.1,0.1,0.1,0.1,0.1,0.1,0.1,0.1,0.1,0.1,0.1
0.707421875,6.547795071e-17,2.367548541e-17,4.607907231e-05,0,-0.0001682158241,-0.008092254219,-0.001829611199,-0.05966041153,-0.003362233312,-0.04564005531,-0.0296412425,-0.241939998,-0.0196809537,-0.1329926978,-0.1081672881,-0.452258391,-0.03884643025,-0.2283184203,-0.04834534226,-0.3072507369,-0.04416664997,-0.2767874856,-0.003042231701,-0.0785873864,-0.04461369118,-0.2915020461,-0.003285378253,-0.0821785918,-0.05437487922,-0.3557358297,-0.09511941481,-0.4257354375,-0.08313420416,-0.471990167,-0.1343933187,-0.5006270914,-0.198100707,0.09201779172,0.008396764203,0.1,0.1,0.1,0.1,0.1,0.1,0.1,0.1,0.1,0.1,0.1,0.1,0.1,0.1,0.1,0.1,0.1,0.1,0.1,0.1,-0.0001833793847,0.1,0.1,0.1,0.1,0.1,0.1,0.1,0.1,0.1,0.1,0.1,0.1,0.1,0.1,0.1,0.1,0.1,0.1,0.1,0.1,0.1,0.1,0.1,0.1,0.1,0.1,0.1,0.0008026187872,-0.01984362381,0.0008400784211,0.1,0.1,0.1,0.1,0.1,0.1,0.1,0.1,0.1,0.1,0.1,0.1,0.1
0.732421875,1.431210777e-15,1.910799401e-18,4.844511459e-05,0,-0.0001633562328,-0.00798626294,-0.001761347438,-0.05848194421,-0.003374428096,-0.04557600963,-0.03001591376,-0.2434424429,-0.02012901169,-0.1340028367,-0.1117124465,-0.4591828712,-0.03979543702,-0.2304863212,-0.04907899081,-0.309514069,-0.04507311438,-0.2785313292,-0.002598923226,-0.07279368096,-0.04543314515,-0.2916787037,-0.002810681593,-0.07625082589,-0.05523702448,-0.3557595719,-0.09719404179,-0.4301222897,-0.08472898828,-0.473387131,-0.1382395063,-0.5072176824,-0.2052959349,0.09541836426,0.008510705646,0.1,0.1,0.1,0.1,0.1,0.1,0.1,0.1,0.1,0.1,0.1,0.1,0.1,0.1,0.1,0.1,0.1,0.1,0.1,0.1,-0.0001833793847,0.1,0.1,0.1,0.1,0.1,0.1,0.1,0.1,0.1,0.1,0.1,0.1,0.1,0.1,0.1,0.1,0.1,0.1,0.1,0.1,0.1,0.1,0.1,0.1,0.1,0.1,0.1,0.0008026187872,-0.01984362381,0.0008400784211,0.1,0.1,0.1,0.1,0.1,0.1,0.1,0.1,0.1,0.1,0.1,0.1,0.1
0.757421875,3.79985977e-16,1.08644367e-17,5.089502804e-05,0,-0.000158683576,-0.00788350548,-0.001694891522,-0.05731061313,-0.003386382878,-0.04551232181,-0.03038536571,-0.2449144515,-0.02058007297,-0.1350044684,-0.1152994034,-0.4660569302,-0.04075408677,-0.2326440084,-0.04982747613,-0.3118046199,-0.0459923781,-0.2802697001,-0.002190017671,-0.06700962662,-0.04627547516,-0.291854576,-0.00237193232,-0.07033107689,-0.05611845859,-0.3557647256,-0.09922145634,-0.4343574144,-0.08633203116,-0.4747245275,-0.1420436143,-0.5136246212,-0.2124684813,0.09883636822,0.008630482725,0.1,0.1,0.1,0.1,0.1,0.1,0.1,0.1,0.1,0.1,0.1,0.1,0.1,0.1,0.1,0.1,0.1,0.1,0.1,0.1,-0.0001833793847,0.1,0.1,0.1,0.1,0.1,0.1,0.1,0.1,0.1,0.1,0.1,0.1,0.1,0.1,0.1,0.1,0.1,0.1,0.1,0.1,0.1,0.1,0.1,0.1,0.1,0.1,0.1,0.0008026187872,-0.01984362381,0.0008400784211,0.1,0.1,0.1,0.1,0.1,0.1,0.1,0.1,0.1,0.1,0.1,0.1,0.1
0.782421875,-1.51595456e-15,1.778338992e-17,5.343104251e-05,0,-0.0001541878116,-0.00778387065,-0.001630098819,-0.05614433671,-0.003398104536,-0.04544892396,-0.03075005854,-0.2463584134,-0.0210343937,-0.1359983901,-0.1189298358,-0.4728849421,-0.04172295832,-0.2347930057,-0.05059163209,-0.3141242213,-0.04692500659,-0.2820040037,-0.001815120787,-0.06123228954,-0.04714111253,-0.2920301429,-0.001968738442,-0.06441626447,-0.05701919626,-0.3557506134,-0.1011966652,-0.4384356327,-0.08794189756,-0.4760006013,-0.1457991213,-0.5198448996,-0.2196145242,0.1022707305,0.008756064646,0.1,0.1,0.1,0.1,0.1,0.1,0.1,0.1,0.1,0.1,0.1,0.1,0.1,0.1,0.1,0.1,0.1,0.1,0.1,0.1,-0.0001833793847,0.1,0.1,0.1,0.1,0.1,0.1,0.1,0.1,0.1,0.1,0.1,0.1,0.1,0.1,0.1,0.1,0.1,0.1,0.1,0.1,0.1,0.1,0.1,0.1,0.1,0.1,0.1,0.0008026187872,-0.01984362381,0.0008400784211,0.1,0.1,0.1,0.1,0.1,0.1,0.1,0.1,0.1,0.1,0.1,0.1,0.1
0.807421875,2.126755511e-15,-1.619368379e-17,5.60556142e-05,0,-0.0001498595949,-0.007687254524,-0.001566830108,-0.05498096176,-0.003409600438,-0.04538574489,-0.03111046329,-0.2477766913,-0.02149225098,-0.1369853948,-0.1226055972,-0.4796712781,-0.04270267846,-0.2369348489,-0.05137233518,-0.3164747621,-0.04787161853,-0.2837356571,-0.001473906883,-0.0554586794,-0.04803056625,-0.292205891,-0.001600780806,-0.05850321267,-0.05793933636,-0.3557165577,-0.1031146608,-0.4423518331,-0.08955723975,-0.4772136348,-0.1494995714,-0.5258757358,-0.2267301234,0.1057204141,0.008887441721,0.1,0.1,0.1,0.1,0.1,0.1,0.1,0.1,0.1,0.1,0.1,0.1,0.1,0.1,0.1,0.1,0.1,0.1,0.1,0.1,-0.0001833793847,0.1,0.1,0.1,0.1,0.1,0.1,0.1,0.1,0.1,0.1,0.1,0.1,0.1,0.1,0.1,0.1,0.1,0.1,0.1,0.1,0.1,0.1,0.1,0.1,0.1,0.1,0.1,0.0008026187872,-0.01984362381,0.0008400784211,0.1,0.1,0.1,0.1,0.1,0.1,0.1,0.1,0.1,0.1,0.1,0.1,0.1
0.832421875,2.793552814e-15,-2.1708652e-17,5.877142707e-05,0,-0.0001456902524,-0.007593560579,-0.001504950899,-0.05381824623,-0.003420878411,-0.0453227097,-0.03146706413,-0.2491716333,-0.02195394545,-0.1379662776,-0.1263287382,-0.4864203405,-0.04369392782,-0.2390710975,-0.0521705127,-0.3188582077,-0.04883289191,-0.2854661003,-0.00116611885,-0.04968572589,-0.04894442887,-0.2923823169,-0.00126781399,-0.05258861902,-0.05887906822,-0.3556618793,-0.1049704313,-0.4461009658,-0.09117680603,-0.4783619437,-0.1531385804,-0.5317145533,-0.2338112185,0.1091844104,0.009024624615,0.1,0.1,0.1,0.1,0.1,0.1,0.1,0.1,0.1,0.1,0.1,0.1,0.1,0.1,0.1,0.1,0.1,0.1,0.1,0.1,-0.0001833793847,0.1,0.1,0.1,0.1,0.1,0.1,0.1,0.1,0.1,0.1,0.1,0.1,0.1,0.1,0.1,0.1,0.1,0.1,0.1,0.1,0.1,0.1,0.1,0.1,0.1,0.1,0.1,0.0008026187872,-0.01984362381,0.0008400784211,0.1,0.1,0.1,0.1,0.1,0.1,0.1,0.1,0.1,0.1,0.1,0.1,0.1
0.857421875,4.158514876e-15,3.211718327e-18,6.15813838e-05,0,-0.0001416717669,-0.007502700005,-0.001444330846,-0.0526538412,-0.003431946719,-0.04525973932,-0.03182036052,-0.2505455841,-0.02241980403,-0.1389418405,-0.1301015302,-0.4931365956,-0.04469744731,-0.2412033454,-0.05298715168,-0.3212766204,-0.04980957103,-0.2871968072,-0.000891569044,-0.04391025394,-0.0498833835,-0.2925599297,-0.0009696683911,-0.0466690228,-0.05983867905,-0.3555858955,-0.1067589701,-0.4496780337,-0.09279945041,-0.4794438713,-0.1567098423,-0.5373589599,-0.2408536275,0.1126617307,0.009167643165,0.1,0.1,0.1,0.1,0.1,0.1,0.1,0.1,0.1,0.1,0.1,0.1,0.1,0.1,0.1,0.1,0.1,0.1,0.1,0.1,-0.0001833793847,0.1,0.1,0.1,0.1,0.1,0.1,0.1,0.1,0.1,0.1,0.1,0.1,0.1,0.1,0.1,0.1,0.1,0.1,0.1,0.1,0.1,0.1,0.1,0.1,0.1,0.1,0.1,0.0008026187872,-0.01984362381,0.0008400784211,0.1,0.1,0.1,0.1,0.1,0.1,0.1,0.1,0.1,0.1,0.1,0.1,0.1
0.882421875,2.086254237e-15,-2.533950951e-17,6.448858028e-05,0,-0.0001377967732,-0.007414592173,-0.00138484327,-0.0514852721,-0.003442814037,-0.04519675004,-0.03217086933,-0.251900895,-0.02289018296,-0.139912898,-0.1339264906,-0.4998246065,-0.0457140454,-0.243333233,-0.05382330881,-0.3237321821,-0.05080247407,-0.2889292969,-0.0006501411181,-0.03812895764,-0.0508482119,-0.2927392543,-0.0007062535418,-0.04074077231,-0.0608185626,-0.355487918,-0.1084752852,-0.4530780816,-0.09442414302,-0.4804577828,-0.1602071336,-0.5428067271,-0.2478530437,0.1161513955,0.009316544415,0.1,0.1,0.1,0.1,0.1,0.1,0.1,0.1,0.1,0.1,0.1,0.1,0.1,0.1,0.1,0.1,0.1,0.1,0.1,0.1,-0.0001833793847,0.1,0.1,0.1,0.1,0.1,0.1,0.1,0.1,0.1,0.1,0.1,0.1,0.1,0.1,0.1,0.1,0.1,0.1,0.1,0.1,0.1,0.1,0.1,0.1,0.1,0.1,0.1,0.0008026187872,-0.01984362381,0.0008400784211,0.1,0.1,0.1,0.1,0.1,0.1,0.1,0.1,0.1,0.1,0.1,0.1,0.1
0.907421875,-2.080194427e-15,3.589043545e-18,6.749625408e-05,0,-0.0001340585664,-0.007329165253,-0.001326364832,-0.05030991976,-0.003453489417,-0.04513365306,-0.03251912673,-0.2532399333,-0.02336547107,-0.1408802824,-0.1378064119,-0.5064890673,-0.04674460606,-0.2454624589,-0.05468012132,-0.3262272171,-0.0518125017,-0.2906651455,-0.0004417928384,-0.03233837304,-0.05183980377,-0.2929208347,-0.0004775627323,-0.03479999123,-0.06181922883,-0.3553672505,-0.1101144056,-0.4562961821,-0.09604998121,-0.4814020584,-0.1636243167,-0.5480557666,-0.2548050328,0.1196524209,0.009471389339,0.1,0.1,0.1,0.1,0.1,0.1,0.1,0.1,0.1,0.1,0.1,0.1,0.1,0.1,0.1,0.1,0.1,0.1,0.1,0.1,-0.0001833793847,0.1,0.1,0.1,0.1,0.1,0.1,0.1,0.1,0.1,0.1,0.1,0.1,0.1,0.1,0.1,0.1,0.1,0.1,0.1,0.1,0.1,0.1,0.1,0.1,0.1,0.1,0.1,0.0008026187872,-0.01984362381,0.0008400784211,0.1,0.1,0.1,0.1,0.1,0.1,0.1,0.1,0.1,0.1,0.1,0.1,0.1
0.932421875,-4.468403401e-15,2.327095881e-17,7.06076932e-05,0,-0.0001304511215,-0.007246356974,-0.001268775384,-0.04912500206,-0.003463982266,-0.04507035406,-0.03286568975,-0.2545650888,-0.02384609333,-0.1418448487,-0.1417443936,-0.513134836,-0.04779009756,-0.2475927921,-0.05555881903,-0.3287642175,-0.05284064648,-0.2924059981,-0.0002665599745,-0.02653484998,-0.05285916742,-0.2931052373,-0.0002836789996,-0.02884254397,-0.06284131491,-0.3552231854,-0.1116713861,-0.4593274146,-0.09767620106,-0.482275084,-0.1669553389,-0.5531041041,-0.2617050294,0.1231637996,0.009632247424,0.1,0.1,0.1,0.1,0.1,0.1,0.1,0.1,0.1,0.1,0.1,0.1,0.1,0.1,0.1,0.1,0.1,0.1,0.1,0.1,-0.0001833793847,0.1,0.1,0.1,0.1,0.1,0.1,0.1,0.1,0.1,0.1,0.1,0.1,0.1,0.1,0.1,0.1,0.1,0.1,0.1,0.1,0.1,0.1,0.1,0.1,0.1,0.1,0.1,0.0008026187872,-0.01984362381,0.0008400784211,0.1,0.1,0.1,0.1,0.1,0.1,0.1,0.1,0.1,0.1,0.1,0.1,0.1
0.957421875,2.010824738e-15,2.766829865e-17,7.382608405e-05,0,-0.0001269691268,-0.007166115459,-0.001211958099,-0.04792755784,-0.00347430231,-0.04500675284,-0.03321113715,-0.2558787781,-0.02433251457,-0.1428074802,-0.1457438766,-0.5197669696,-0.04885158211,-0.2497260844,-0.05646073781,-0.3313458703,-0.05388800332,-0.294153582,-0.0001245613251,-0.02071452328,-0.05390744169,-0.2932930553,-0.0001247825786,-0.02286400041,-0.06388559742,-0.3550550006,-0.1131413082,-0.4621668396,-0.09930218934,-0.4830752412,-0.1701942279,-0.5579498485,-0.2685483319,0.1266844742,0.009799187897,0.1,0.1,0.1,0.1,0.1,0.1,0.1,0.1,0.1,0.1,0.1,0.1,0.1,0.1,0.1,0.1,0.1,0.1,0.1,0.1,-0.0001833793847,0.1,0.1,0.1,0.1,0.1,0.1,0.1,0.1,0.1,0.1,0.1,0.1,0.1,0.1,0.1,0.1,0.1,0.1,0.1,0.1,0.1,0.1,0.1,0.1,0.1,0.1,0.1,0.0008026187872,-0.01984362381,0.0008400784211,0.1,0.1,0.1,0.1,0.1,0.1,0.1,0.1,0.1,0.1,0.1,0.1,0.1
0.982421875,-2.426254508e-15,-4.27029434e-17,7.715426776e-05,0,-0.0001236080296,-0.007088400028,-0.001155799981,-0.04671443599,-0.003484459572,-0.04494274304,-0.03355606924,-0.2571834444,-0.02482524348,-0.1437690928,-0.1498086829,-0.5263907589,-0.04993022634,-0.2518642836,-0.05738733441,-0.3339750861,-0.05495578082,-0.2959097189,-1.6004948e-05,-0.0148732838,-0.05498590929,-0.2934849126,-1.159905852e-06,-0.01685960004,-0.06495300572,-0.3548619553,-0.1145192784,-0.4648094656,-0.1009274956,-0.4838008939,-0.1733350832,-0.5625911559,-0.2753300971,0.1302132993,0.009972265745,0.1,0.1,0.1,0.1,0.1,0.1,0.1,0.1,0.1,0.1,0.1,0.1,0.1,0.1,0.1,0.1,0.1,0.1,0.1,0.1,-0.0001833793847,0.1,0.1,0.1,0.1,0.1,0.1,0.1,0.1,0.1,0.1,0.1,0.1,0.1,0.1,0.1,0.1,0.1,0.1,0.1,0.1,0.1,0.1,0.1,0.1,0.1,0.1,0.1,0.0008026187872,-0.01984362381,0.0008400784211,0.1,0.1,0.1,0.1,0.1,0.1,0.1,0.1,0.1,0.1,0.1,0.1,0.1
1,4.017772172e-16,-1.382976058e-18,7.956132151e-05,0,-0.0001213150953,-0.007035252795,-0.00111664992,-0.04585027678,-0.00349150948,-0.04489743104,-0.03379862492,-0.2580967137,-0.02517576849,-0.1444451292,-0.1527081346,-0.5310461023,-0.05069960935,-0.2533717475,-0.05805447763,-0.3358539287,-0.05571950348,-0.2971506606,4.0139713e-05,-0.01075128856,-0.05576305601,-0.2936225852,6.442941613e-05,-0.01261952411,-0.06571795848,-0.3547109236,-0.1154304764,-0.4665469899,-0.1020697247,-0.4842656104,-0.1754816448,-0.5657311775,-0.2800589935,0.1326986965,0.01009764839,0.1,0.1,0.1,0.1,0.1,0.1,0.1,0.1,0.1,0.1,0.1,0.1,0.1,0.1,0.1,0.1,0.1,0.1,0.1,0.1,-0.0001833793847,0.1,0.1,0.1,0.1,0.1,0.1,0.1,0.1,0.1,0.1,0.1,0.1,0.1,0.1,0.1,0.1,0.1,0.1,0.1,0.1,0.1,0.1,0.1,0.1,0.1,0.1,0.1,0.0008026187872,-0.01984362381,0.0008400784211,0.1,0.1,0.1,0.1,0.1,0.1,0.1,0.1,0.1,0.1,0.1,0.1,0.1
#simulation finished=2024-04-24,16:07:25
#Solver Info: cpuTime=0.115483,stepReductionFailed(or step failed)=0,discontinuousIterationSuccessful=1,newtonSolutionDiverged=0,massMatrixNotInvertible=0,total time steps=70,total Newton iterations=392,total Newton jacobians=392
