45
0    0
12.9103    -0.15436
12.6222   3.21787
0.0748374   3.05307
1.41421   0
2.7807   0.163128
4.05981   0.0977601
5.38592   0.102587
6.64049   0.0885843
7.95279   0.0940813
9.19126   0.0767458
10.4708   -0.110119
11.71   0.17359
12.7465  0.851787
12.9256   1.9599
11.2712  3.19418
10.1262   2.96961
8.89896   2.96941
7.61103   2.95254
6.36432   2.94963
5.08072   2.9515
3.82214   3.00941
2.55304   3.0263
1.25273   2.8238
0.510936  2.15317
0.353553  0.935414
2.29137   1.10932
3.62186   1.01341
4.91224   1.02101
6.12433   1.02371
7.43158   1.05633
8.64177   1.04914
9.95298   1.07756
10.9321   0.868101
11.8755   1.35003
11.9979   2.41692
10.7121   1.97417
9.50536   1.98386
8.16129   1.97118
6.94466   1.98825
5.63413   1.95283
4.41731   1.96775
3.17565   2.01676
2.07713   2.0861
1.33833   1.41218
62
   1            1        5       26
   1            5        6       27
   1            6        7       28
   1            6       28       27
   1            7        8       29
   1            7       29       28
   1            8        9       30
   1            8       30       29
   1            9       10       31
   1            9       31       30
   1           10       11       32
   1           10       32       31
   1           11       12       33
   1           11       33       32
   1           12       13       34
   1           12       34       33
   1            2       14       13
   1           14       15       35
   1            3       36       15
   1           15       36       35
   1            3       16       36
   1           16       17       37
   1           16       37       36
   1           17       18       38
   1           17       38       37
   1           18       19       39
   1           18       39       38
   1           19       20       40
   1           19       40       39
   1           20       21       41
   1           20       41       40
   1           21       22       42
   1           21       42       41
   1           22       23       43
   1           22       43       42
   1           23       24       44
   1           23       44       43
   1            4       25       24
   1           25       26       45
   1           13       14       35
   1           13       35       34
   1           24       25       45
   1            5       27       45
   1            5       45       26
   1           28       29       42
   1           27       28       43
   1           30       31       40
   1           31       32       39
   1           32       33       38
   1           33       34       37
   1           33       37       38
   1           32       38       39
   1           31       39       40
   1           30       40       41
   1           29       41       42
   1           28       42       43
   1           29       30       41
   1           27       43       44
   1           34       35       37
   1           35       36       37
   1           27       44       45
   1           24       45       44
26
   1            1        5
   1            5        6
   1            6        7
   1            7        8
   1            8        9
   1            9       10
   1           10       11
   1           11       12
   1           12       13
   1           13        2
   1            2       14
   1           14       15
   1           15        3
   1            3       16
   1           16       17
   1           17       18
   1           18       19
   1           19       20
   1           20       21
   1           21       22
   1           22       23
   1           23       24
   1           24        4
   1            4       25
   1           25       26
   1           26        1
