4 0.1224378221735089 0.17057110616067217 0.020062177826491067 0.02074871130596428 0.20099999999999998 0.007 1 0.1425 0.19131981746663645 0.22106217782649107 0.027748711305964298 0.3234378221735089 0.17757110616067223 2 0.13456217782649105 0.21906852877260075 0.3155 0.20531981746663652 0.23693782217350887 0.36889092362730863 3 0.4379378221735089 0.37589092362730875 0.2569999999999999 0.3896396349332729 0.335562177826491 0.22606852877260075 
4 0.1404112144556076 0.18056410349109978 0.02109562894984021 0.019694390046296813 0.20099866569216632 0.007001454734844501 1 0.16248620053417376 0.19915543652189008 0.22393628594831658 0.028416889379325516 0.3410739562764408 0.16700454976506368 2 0.15742241028878518 0.22756936092442911 0.33601068705139475 0.19541921287250952 0.2745585786259846 0.3661566519000712 3 0.47522265541237996 0.35259927614335623 0.29663408207874137 0.384748669363166 0.3580862641805776 0.21401137863521558 
4 0.1599970604528582 0.18891796621171086 0.022108691395900916 0.018550008819461745 0.20099886523895028 0.0070015442783134315 1 0.18391384251548462 0.20507129328660156 0.2269689081974464 0.02879298377589881 0.35810173551358965 0.15422006261478544 2 0.1818823902928465 0.23386133225113093 0.3560708708942304 0.18301078191389675 0.3130137350894493 0.3592881681626541 3 0.5111199497416532 0.32459230375474113 0.3369310966793345 0.37544214173891866 0.37998832024632645 0.1991648941234599 
4 0.18118451962629936 0.19535896779530681 0.02309651990053604 0.017304666222157213 0.20099911189594571 0.007001632217246137 1 0.2067322013749465 0.20878499426355474 0.23014666391556438 0.02884177434065621 0.37427377705700127 0.13909213657813946 2 0.20787818583945272 0.2376238560939784 0.3754204103691459 0.16793161127632217 0.35200385132129475 0.34787409530813995 3 0.5450948435260801 0.2916091379214026 0.3775521741145675 0.3613007237815725 0.40096883397396393 0.1813583667751612 
4 0.20398483563181827 0.1995638864595779 0.024055673725744582 0.015944597577040403 0.20099941541875235 0.007001718387565435 1 0.23090789749651555 0.20996055626511262 0.23345830350225621 0.028518236463901545 0.3893157889174629 0.12144943318222952 2 0.23536515829135446 0.2384759233478894 0.3937737536143526 0.149965337190066 0.39122124561960486 0.33140710811182933 3 0.5765541173469052 0.2532943370311037 0.4181450096936617 0.3418043286879313 0.42069763059590676 0.16036267128844425 
4 0.20401722217972018 0.19956132780032976 0.024058080597171027 0.015945293610834833 0.20099919338094085 0.00699852402720467 1 0.2326774744892301 0.2123425772508947 0.23346135177715427 0.028511990336767115 0.3986496201993669 0.14177518109381362 2 0.2342054048087157 0.24116386506831267 0.40081252002044293 0.16926326957211396 0.3797772222704664 0.3494989745510975 3 0.572107823489747 0.29068534114652556 0.4055011426129036 0.36258659354050293 0.426536240118845 0.18235072207381423 
4 0.20401770461458785 0.19956123931205258 0.02405816934595747 0.015945358281250235 0.200999280660937 0.006998454219779577 1 0.23420583855648613 0.21498872785343728 0.23346148750903323 0.02851185191542209 0.4059770394075094 0.1637054328549078 2 0.23267822709869104 0.24381002433706267 0.4059530409751685 0.1899261149359622 0.3659810380454447 0.3669279000442566 3 0.5634515976260794 0.3287771327718112 0.39017716983621076 0.3826617178597291 0.43014899184844846 0.20565974479434407 
4 0.20401817836451885 0.199561166076372 0.024058258353791627 0.015945423760120023 0.20099936885085115 0.006998391210438021 1 0.2354892977224047 0.21789604876505045 0.23346162363008757 0.028511722917358914 0.41101964453111595 0.1871585452276117 2 0.23080242776782556 0.24637469731225875 0.4089508252371082 0.21186677317087232 0.34976198877930803 0.3834012433383892 3 0.5502297780281735 0.3671911373569755 0.3720817190681953 0.40169975181474155 0.4312703973897948 0.23016507375855805 
4 0.20401863315271035 0.19956111241067642 0.024058346239204824 0.015945490389161255 0.20099945725025023 0.006998335895516121 1 0.23648198484111316 0.2210717236799781 0.2334617576438197 0.028511604579820833 0.41342465641327797 0.21209934551475862 2 0.22854885028027394 0.24882176718484872 0.4094849285882901 0.23504508811685298 0.3309485226679368 0.3986281730617021 3 0.5319498793636296 0.4055963604774392 0.3510140934857011 0.4193737410341275 0.4295503673967705 0.25579043009323116 
4 0.1853784799005289 0.2167450921798365 0.02256426438569998 0.017998975922603973 0.20100063878516458 0.00699792445126254 1 0.2156295411316348 0.23851774356969044 0.23125011332895673 0.0287703007877727 0.39406694229624717 0.22750929409510293 2 0.20769400697990503 0.2662670782467525 0.38863137646490065 0.25250676137971845 0.3100802634540134 0.41608275499784103 3 0.5110810516494326 0.4230691546176214 0.33014397948457797 0.43683015393817803 0.40869502131806357 0.2732539608420626 
4 0.16487242778715683 0.2323964478852264 0.02087131544566344 0.01993756164286029 0.20100101944622634 0.006997956041217475 1 0.1930111496445852 0.2542568474637992 0.2291384162427876 0.028857869783619275 0.37314148565735666 0.24131095934153404 2 0.1850754312904187 0.2820061549810706 0.36601284501260406 0.26824698331023655 0.28746074632378393 0.43182250986648557 3 0.4884614975653222 0.43881015963001385 0.30752434034867326 0.45257004057036726 0.38607637650816884 0.28899432577847145 
4 0.1425415083899465 0.24634233158172375 0.018978063437555457 0.02174762218768545 0.20100137294180911 0.0069979937520626345 1 0.1686460995168248 0.26814088460312335 0.22710487336179438 0.028795913877604672 0.3506696884982071 0.25338579334939315 2 0.16071024183752697 0.295890176244711 0.3416476826707063 0.2821318614860668 0.2630948505047608 0.4457070452940206 3 0.4640955728145532 0.4526956352594983 0.2831583533645735 0.46645467645151956 0.3617111321345957 0.30287931678910396 
4 0.11840487734874326 0.25839402511385057 0.016880529823851926 0.02341324591365329 0.20100170387252664 0.006998037977357927 1 0.14253437815940995 0.2799942781134151 0.22513032849704165 0.028597559271163902 0.3266555117078255 0.26357420577797536 2 0.13459841348090099 0.30774356160730837 0.31553586934125527 0.2939858925959967 0.23698248598432212 0.45756082460488495 3 0.43798318421516297 0.46455013053374655 0.2570459195546272 0.47830853339422263 0.33559925914548205 0.31473343914790386 
4 0.09492340480741261 0.24704478147280026 0.015231061789828224 0.02451834510917971 0.20100188048285206 0.006998366061269143 1 0.11694667309088223 0.2707871721110434 0.2224962481379855 0.028116141785790215 0.3017989405696653 0.27149321142196353 2 0.10647418562080581 0.2976820367666837 0.2879080342039411 0.300745153318805 0.19453922535871698 0.4563397541051167 3 0.3940281079955242 0.48191922562870804 0.21259436301966497 0.4788568810152131 0.3059631396253248 0.3232621370515058 
4 0.07307732768865713 0.23387127841186114 0.013465852101626923 0.025530486063530585 0.20100205022275663 0.006998446658056021 1 0.09285730661567057 0.25951260648848307 0.21997386932335034 0.027410619210157323 0.2768842508122205 0.2769752835655461 2 0.07998954165525606 0.2853472228012956 0.2603984381631935 0.3048473379427706 0.15330726225516364 0.45133588286095794 3 0.349655399871325 0.4948965663964823 0.16924653620046362 0.4753972334472696 0.2763376926826411 0.32890854226131017 
4 0.05286174766132567 0.21905013389547134 0.011561342341607639 0.026447490566576057 0.20100220139296218 0.006998526398132131 1 0.07027870079744254 0.24635168821177758 0.2175677250790024 0.0264974070339629 0.25201814068623357 0.2801398338498669 2 0.05516050607845258 0.2709371918781103 0.23311476720926855 0.30643234120718954 0.11339881013566194 0.44279767033264017 3 0.30508538432373344 0.5036777331545852 0.12713108567423193 0.4681833688392614 0.24684703624990423 0.33181789169783826 
4 0.034273590688085775 0.20270484500254263 0.009485190891125449 0.027261037577116447 0.20100233902190145 0.006998605014886864 1 0.04922114696544816 0.2314328032626292 0.21528089693336183 0.025388810872736842 0.22728338892494263 0.2810785663415756 2 0.0319986487878173 0.2545929495402621 0.2061402119816173 0.3056060930365563 0.07489162588115558 0.43091060913432677 3 0.26047900666888846 0.5084183453923885 0.08633733648822738 0.4574059825258662 0.21758592905911148 0.3321013180021423 
4 0.03424464120904858 0.20268669351145466 0.009480527989373749 0.02725891896626533 0.2009988257163294 0.007001275003911053 1 0.049373635730160466 0.2287456009663145 0.21527440071289447 0.025392148524340758 0.2331449221886411 0.2610800953792524 2 0.03436642747602369 0.2533988093387679 0.21247932679906653 0.2880868143254202 0.09338146319770177 0.4249931689986003 3 0.28534098733088564 0.48500512779254024 0.10722823393635819 0.4503163004393685 0.22632617184459952 0.3134101911566674 
4 0.03424514458962503 0.20268688999341783 0.00948063069909255 0.02725901148066244 0.2009989576778536 0.00700121853447049 1 0.04931608733430008 0.22612705386092558 0.21527458418162584 0.025392068752517406 0.23717833649138537 0.24098190055882363 2 0.036605906894020025 0.25203936546105715 0.2171302689393041 0.27043577322271845 0.11093562707252091 0.41757634779384367 3 0.30754556695109303 0.4599370061123197 0.1270213062301633 0.4415397566501702 0.2332160447607529 0.2943994180925689 
4 0.03424565960230838 0.20268708005391173 0.009480736696719533 0.027259102121289687 0.20099909652377082 0.007001159207229086 1 0.0490285152522129 0.22356961880012982 0.21527477498392 0.025391985516558555 0.2394451362992358 0.22088286940241067 2 0.038677450917952334 0.2505112531307228 0.22012293982028072 0.25275139848166345 0.1274594845590737 0.408767853451438 3 0.3270615563357939 0.4334438864840975 0.1456161229959928 0.43120288224827874 0.2382796956927328 0.27518665192404196 
4 0.034246185164957865 0.20268726311316557 0.009480845703869789 0.027259190648785382 0.20099924206557304 0.007001097337067295 1 0.048522075908314866 0.22107932713774966 0.215274972731362 0.025391899369837802 0.24004032447843882 0.20083737292659007 2 0.04058141318395387 0.2488271503046635 0.22152045834376946 0.23509556090546843 0.1429421694499657 0.3986593163681532 3 0.3439412088249548 0.40567927119149716 0.16300217275535084 0.4194099864388758 0.2415805982197091 0.25584644240758303 
4 0.05885030056330349 0.19806416546554695 0.01255185819754884 0.025987198279099413 0.2009976152254457 0.0070015198186926956 1 0.07461023418267261 0.2172024732897658 0.21675804798930087 0.026140694619868135 0.26305668298054213 0.1982205223249092 2 0.06667085304583063 0.24495065908273606 0.2476089416933477 0.23120898711565113 0.16903964903754193 0.3947770505610334 3 0.3700390231371412 0.40178560745193465 0.18910078289327595 0.41552653927972677 0.26767010130495844 0.2519586136136575 
4 0.08176141295527692 0.1909456632014023 0.015333281034253392 0.02444947715792811 0.20099789775944035 0.007001581940612091 1 0.09897890545197267 0.21071827570904675 0.2182160995212058 0.02677506655713565 0.2846439746354802 0.1932744377306049 2 0.09103945015645451 0.23846646299628266 0.2719775380012942 0.22472520634004642 0.19340788924072674 0.38829312093095897 3 0.3944072411203292 0.3953021589392961 0.213468975905068 0.4090426637341044 0.29203866252270816 0.2454749052566937 
4 0.10295102782743622 0.18168719858403057 0.017832632684638434 0.02269115047446017 0.20099819767198046 0.0070016351608137945 1 0.12160081387146499 0.20199314361768564 0.21964892383012447 0.02730842830240371 0.3047665689841154 0.1863081924245274 2 0.11366125981524855 0.22974132740078929 0.29459935538659515 0.2160006538903909 0.21602921079047413 0.379568347593972 3 0.417028538710432 0.3865780391020305 0.23609023437474846 0.40031796238596346 0.31466042824092855 0.23675044133204096 
4 0.12241652558091047 0.1705804695007024 0.020059149691862687 0.02074916536629112 0.20099851708158428 0.007001680272096152 1 0.14247595147019732 0.19132926699876773 0.22105914481822114 0.027751268346601222 0.3234152185304014 0.17758708203152096 2 0.13453626453193337 0.21907743932086807 0.31547438033205394 0.20533757398077138 0.23690354737801897 0.3689049498267735 3 0.4379028468879201 0.37591553165356034 0.2569644850718297 0.3896546607986788 0.3355353780408138 0.2260874724788172 
