4 0.12173300460971254 0.17073067872890887 0.019697130119072426 0.02070975861944488 0.20252446763843873 0.007861852234347072 1 0.1418147015577596 0.19052980410111117 0.22081877629635088 0.028521777650960173 0.3232510088068287 0.17922433070823915 2 0.1334579015517205 0.21892385801007272 0.31494338473475053 0.206533814261861 0.23544563796100232 0.36929656180775494 3 0.436297533254075 0.37953161295874216 0.2562210331447576 0.3906698967916922 0.33578270574539687 0.22820111042591193 
4 0.13953860751800679 0.18126331540152138 0.02147801001232491 0.019423081225476285 0.20247343018052427 0.007606303573766099 1 0.16147492246040357 0.1983532700592587 0.22334764059422557 0.029264559836750664 0.34024191887354077 0.1689472980127362 2 0.15610150090770586 0.22718676122616852 0.3352648303411005 0.19697338632261605 0.2722869327562844 0.36687418811263284 3 0.4736264751948957 0.3568007425871096 0.2955588328698658 0.38583344012400833 0.35791730902642 0.2162055616080981 
4 0.15867359465326142 0.1893408742986282 0.022364861682915627 0.017615826420153996 0.20225978763493052 0.007760942208161009 1 0.18298225360041315 0.2044645264365976 0.22643784684352314 0.02936141361974562 0.3568975247560961 0.155625633005489 2 0.18063726340075298 0.23338675723379484 0.3551705067084788 0.18433906918196216 0.3109072421433016 0.35994207118731025 3 0.5092230612765538 0.3284548897115791 0.3353801450641242 0.3767780682577647 0.3798575864965557 0.20092319238731657 
4 0.17945485933991195 0.19566804105883925 0.022884194624465115 0.016630904992038315 0.20215252425323899 0.008134816905393388 1 0.20507910357747822 0.20796747237442656 0.22944191735366332 0.029120093190989932 0.37306443945696716 0.14039102756981334 2 0.2063091334540958 0.23719247700873777 0.3746516212947059 0.16945779605643493 0.3494200794834795 0.34878400492705375 3 0.5432269913958891 0.29586117858360217 0.3755712886312352 0.36246239827117066 0.4003401083244827 0.1833708066941466 
4 0.2024857149280182 0.19959035622804963 0.024152716397582374 0.01541752128575144 0.20256252060899899 0.007809066773605905 1 0.22939005298427056 0.20864916170955802 0.23257083358308855 0.028751724233946868 0.38831610782406106 0.12322295115198131 2 0.23335700749333382 0.23782040831428117 0.3932914364666374 0.1515820149173139 0.3889375219298617 0.3320609469578496 3 0.5749014929791807 0.2578994992758261 0.41630811191998457 0.34297246370348655 0.420323959795099 0.16204209729032745 
4 0.20398924184550066 0.19915722740779493 0.02417720173003718 0.015266264774787291 0.2024879086141605 0.007570225576034012 1 0.23303646444052323 0.21064404342251217 0.23268783367772877 0.027563483095437852 0.3985629574468426 0.1410534944909507 2 0.2340688001023325 0.23969486746418187 0.4014677270499147 0.16854211558209806 0.3802949777360664 0.34842567544058156 3 0.5726810528869313 0.2914994106887411 0.4063715990846543 0.3616125490866816 0.4277198220219817 0.18190154104983944 
4 0.2041106594133119 0.19896621200855977 0.02422815667468553 0.015982172414613166 0.2028191244639454 0.0077003104002773826 1 0.2349317906974559 0.2133683497508488 0.23295205324753204 0.02794587968380044 0.4063102039078507 0.16211401206224227 2 0.23270219776445927 0.2425049799257559 0.4061240168666352 0.18842999007032543 0.36653339506281507 0.3650136015482395 3 0.5638881903517834 0.32855448721720015 0.3911470847602117 0.38103921061637824 0.43125531732106875 0.20450838483222475 
4 0.2041612862853785 0.19891323899944632 0.024233900234272188 0.01580712128575143 0.20265315581568516 0.007468951108652283 1 0.23648792209765007 0.21558947929563452 0.23324500725442215 0.027948683834923632 0.4113943087344119 0.18520251829228937 2 0.23104886006789777 0.24455260498258688 0.4098661750001859 0.21040639917772783 0.3503310402999083 0.3812379212372725 3 0.5506869977958324 0.3665579674830217 0.373686917036727 0.40007085966614864 0.43254065688449167 0.22851979553079935 
4 0.20333528122992034 0.19922961626550836 0.023557853643002113 0.015626957732536056 0.20175953059229984 0.00784007603441414 1 0.2356948018286546 0.21841686364207466 0.23199923658364902 0.027866212899951143 0.4131248312352194 0.20990558471372597 2 0.22777986114945242 0.24672848189097482 0.40876358936628737 0.2337489837453822 0.3308401537333933 0.3969383731074254 3 0.531474683155043 0.40566526010999326 0.35154208498367107 0.41832926314345065 0.42986234665913975 0.25464004317207545 
4 0.1839016850160366 0.21741932180284615 0.02294415004980921 0.018063911676141936 0.2025923522981981 0.008016859133593152 1 0.21418408227610403 0.2376163261957491 0.23082488680802432 0.028889168885375044 0.3934354861884895 0.22727133138450992 2 0.20610580039491672 0.26556957892278765 0.38741955804015343 0.25276331694011855 0.3085033093942237 0.41561117650779367 3 0.5100380353591529 0.424374613647434 0.32956980192133983 0.43724423594085315 0.40815511406074795 0.273730290697499 
4 0.16301935552940744 0.23249282113622136 0.020901692434210084 0.019546764251074017 0.20194651626151577 0.007481487752658972 1 0.19177707304926822 0.2529649973572218 0.22883626166795484 0.02897676972987359 0.3719019598714733 0.24118981656460656 2 0.18340063026146874 0.2809741810659948 0.36472003689091154 0.26855904929404695 0.28573713182101895 0.43107866062357447 3 0.4868847748078618 0.4405669090858959 0.30656133514611633 0.4526287252560961 0.385278917402371 0.28954310513530623 
4 0.14138091256560464 0.24633512014954836 0.01928549757600745 0.02156933319244489 0.20271055460860138 0.007566026884946758 1 0.16832046099961745 0.26708411868186954 0.22669581828316238 0.028818181806845672 0.3507192963892454 0.2528114201638135 2 0.15961932125491068 0.2953010402451254 0.34143081807048964 0.2820085034874654 0.2625375612722814 0.4450302715512211 3 0.4640322115276743 0.45384488339469575 0.2835925506813903 0.46634182183203154 0.3614644139324577 0.3029554285811181 
4 0.11656650420923159 0.2581278168737756 0.01722644529283357 0.023095626625468463 0.20264418607573126 0.007614165674557499 1 0.14192625164559497 0.27895888992943985 0.2249929718092239 0.02853322234105224 0.3267810977005747 0.2631202834250884 2 0.1334566441468304 0.3070128034298656 0.31509830692206514 0.29338845372110256 0.23657925583749057 0.456755522874829 3 0.437967472263699 0.4653245631788576 0.25771115792331073 0.4784499472747076 0.335974874692963 0.31482949198405763 
4 0.09309516818476427 0.24674124122190375 0.015194491222114248 0.02425454184328643 0.20240672368738116 0.007474261648850317 1 0.11565673044502356 0.26927193695141716 0.22206960260144565 0.02792593853318756 0.30135767228774896 0.2714585580856872 2 0.10482171767348192 0.29691122880622156 0.2866656014285284 0.3005249108861108 0.19297092974037705 0.4555186483311642 3 0.3929462330056032 0.48341654354883823 0.21157486021797428 0.4789896497325108 0.3057806195721366 0.32341719489334664 
4 0.07132295080269302 0.23326847488915556 0.014174530630694682 0.025348598049786925 0.20256782924459432 0.007338367411708097 1 0.09209338040902132 0.2583242178184859 0.21955657005102563 0.027391183229878185 0.276473302305634 0.27661087142828655 2 0.07869639221386965 0.28428500877433005 0.2595792420070648 0.3045523450263512 0.15165282781839545 0.4504336615838579 3 0.34904323177928337 0.4962131679498403 0.1683308711643013 0.47561603955698417 0.2759689637678106 0.32921732586047225 
4 0.05020168856991275 0.2183720691867682 0.011893094259973591 0.02603535188688219 0.20189531182407966 0.007471623761526075 1 0.06872101705066985 0.24481244005994726 0.2173709995958208 0.026940694222904987 0.25099423486203903 0.28002137196107135 2 0.05282749973784201 0.2693970780147169 0.23161122793943162 0.3062864675849918 0.11075744018431377 0.4416009386050671 3 0.30303992997205514 0.505257344868733 0.12499878833837164 0.46799862213135546 0.24591150209093354 0.3320937999578959 
4 0.033041700333081125 0.2030082235364826 0.010875266198087097 0.02734986963409966 0.2026293952133819 0.007662626315498827 1 0.049164700537334016 0.23141851448590386 0.21541147835465163 0.026464003858976265 0.2281711047637574 0.2811732004580745 2 0.031517411435380005 0.2548683962986954 0.2062171041626904 0.30589195829156457 0.0745637017973163 0.4306177903464058 3 0.26077857463466475 0.5104601001648987 0.08630840460100037 0.4584738441758056 0.21804995673339883 0.3327729383666693 
4 0.03250169537032771 0.202189385945961 0.0109515886775437 0.026726873280114777 0.20202171232490523 0.007830666110478418 1 0.04832062116357333 0.22819950247551488 0.21518498396487434 0.02674490123206938 0.23228732198591434 0.2620599994891457 2 0.032875026113383055 0.2530550750133922 0.21148165186183215 0.28903236535030596 0.0907432924111709 0.42444134558583746 3 0.2826774315792257 0.48801711122051383 0.10491053878669787 0.4510872219470715 0.22546816125394048 0.31482454663863035 
4 0.03183492678763339 0.20222551457075963 0.010391862934066853 0.026466181209869294 0.2023714564597881 0.007540744237433089 1 0.0479303963186144 0.2251265031961784 0.21490584494670334 0.026693394756395067 0.23619071898130722 0.24162659403196704 2 0.03468922398802965 0.25159140183296524 0.2157444362135968 0.270943287426307 0.108701935628647 0.4171670411392234 3 0.30582852201306215 0.4623297692714421 0.1251419083713543 0.44204120802333646 0.23268936779391186 0.29550403859952545 
4 0.0321212298712531 0.20206917268237098 0.010456663114684073 0.026215748834567204 0.20216732324328307 0.007899930954399198 1 0.04748571310678479 0.2222257469521761 0.21515317588797228 0.026304721770477796 0.2380392995043808 0.22220664654598096 2 0.03671729034316379 0.24978464446042822 0.21924795617363607 0.25373840615938914 0.12507932465414195 0.4086143540728616 3 0.3250042776744872 0.4368325499932153 0.14332221514548932 0.43223465774424386 0.2375965849712452 0.2768561580193415 
4 0.032539748369151966 0.20264121242083274 0.01071387920852862 0.02644978689506214 0.20243890815555948 0.007885773179436256 1 0.047368559941485755 0.22044777226665943 0.2151430409552066 0.026619877910943862 0.2387924745789219 0.2023077713435014 2 0.03954149497730308 0.24847735765635712 0.22081463716227417 0.23646820168525204 0.14159784148920823 0.399012129227026 3 0.3429172411737638 0.4086834995755574 0.1618226516536299 0.42060908878821324 0.24120132337238315 0.25740128736971624 
4 0.05787681564334679 0.19771449052803378 0.013386035952584918 0.025597583033427823 0.20281090010708186 0.007622220903375693 1 0.07444276492511587 0.21624268201548844 0.21699901291192708 0.027001787457466703 0.2629949627787705 0.1992674390725104 2 0.06659315400449817 0.24461085725882833 0.24798038003998385 0.23178583948041107 0.1686583695080151 0.39480054879456206 3 0.3703498531973756 0.404398144790743 0.18956392118399285 0.4165060040960541 0.2686186806553013 0.2529598416860519 
4 0.08054825352591982 0.19111967328010346 0.015779822901759943 0.024141781809697033 0.20264747123504773 0.007645419341979903 1 0.09893513947260957 0.20981111771564018 0.21836592025500062 0.027534939518463725 0.28488248827038437 0.1940390892451229 2 0.09109373907887641 0.23832089984503355 0.2724082766615397 0.22522398568508714 0.19343969811083755 0.3881591656789598 3 0.39504035619959293 0.39707030448080805 0.21435742948861253 0.40952658460056324 0.2929930792481172 0.24619015288968746 
4 0.102532207212778 0.18192659797002939 0.018080083823333815 0.02203050676803428 0.2021390664790615 0.007970392370144047 1 0.12071616408580627 0.2008102078499376 0.21905725218957944 0.02814916956644606 0.3042691559941086 0.18834320260499257 2 0.11274387475567177 0.22953907361142287 0.29449603380250505 0.21740684705921784 0.21469713417452702 0.3798021216783055 3 0.4161816531931141 0.3900346196347878 0.23515760769999078 0.4014481557020645 0.3146440599912064 0.23852387109803272 
4 0.1218119567875166 0.17065355832613613 0.0202672848264277 0.02030847889727158 0.20180364352244534 0.007493225604377346 1 0.14226127501859104 0.1903356784690616 0.22113738797537602 0.02830790165137828 0.32307380282913517 0.1788762255844701 2 0.13401945378294827 0.2186724457676856 0.31543084957646944 0.2066477779614204 0.23616910403806407 0.36882471208146894 3 0.4368458961553126 0.3788281229080671 0.2568362009154403 0.39030039357865753 0.33618638571283227 0.22751803378511323 
