4 0.11346836122886235 0.1983838098819193 -0.00029997015702213996 -0.00010168077189728946 0.23055740503409244 0.0009949343842033053 1 0.11373013570603047 0.19718241505992345 0.22895253393611267 0.0008298676363640189 0.34325834111731607 0.20002593209137415 2 0.11347283602052347 0.19810086465129922 0.3429924569727829 0.19973311038821245 0.22732039249025948 0.39699097270415856 3 0.45609674511146364 0.4005313960335173 0.22812372095239025 0.3972684616028079 0.34395601836148704 0.2005208437520771 
4 0.13416726214449357 0.20962082883543187 0.0005435710885382722 -0.0004451907551963635 0.23050949757274522 0.0007521858890519311 1 0.13419954343433185 0.20779009653716884 0.2286018444543023 0.0008851038523245746 0.3622276683069423 0.18764560970217203 2 0.1341752373664993 0.20841870496912013 0.36250698505406526 0.18744107251263278 0.266948122192019 0.3952378459580196 3 0.4954705767930316 0.3756643490351054 0.26826170819344636 0.3952071821148075 0.36320900775094217 0.1878330690557676 
4 0.15625650017229348 0.21810122294674075 0.0004389863793861809 -0.0011526581881591623 0.23032487855173722 0.0010266510217983647 1 0.15690719604131984 0.21683753732044822 0.2286049856450736 0.0005811511187696379 0.3807219497443863 0.17191663585967187 2 0.1568449222392271 0.21704893192021332 0.3812428689107412 0.17196037961264146 0.30865330664211904 0.38871566628128723 3 0.532905949217584 0.34495095391497527 0.3092641036184039 0.38906433609797125 0.3821392992957617 0.17215178894544297 
4 0.18015420389424494 0.2245213080908092 -6.926262041238478e-05 -0.000865917592986251 0.2302203955193349 0.0014121237674577238 1 0.18050425183467855 0.22310275811988517 0.2284938861954485 0.0002739281689417088 0.3985300794559638 0.15397414603952395 2 0.18088794840523914 0.22352633802360958 0.399228185606974 0.15432530178088577 0.3502601524993884 0.3776335157957299 3 0.5685947415882688 0.30962625200983385 0.3509230300692791 0.37747783632628823 0.39945588580635116 0.15452261427104802 
4 0.20648956937215812 0.2281730284620259 0.000206904923021347 -0.0006945273151973654 0.2306137529300744 0.0010172800771296282 1 0.20664074764654305 0.22641059615175288 0.22826753779518805 0.00021259945749280208 0.415165572296401 0.1338109761753594 2 0.20650839874441995 0.2272302038507931 0.416011483694739 0.13378316333284485 0.39308665819707517 0.360622891497778 3 0.6016508207625001 0.26873801813299986 0.3935253618410637 0.36069099397612464 0.416130447049128 0.13348663451727616 
4 0.20821569695618775 0.22770783112971382 0.00014719406258569567 -0.0007199395984810675 0.2305319671513379 0.0007488782782559987 1 0.20878184949254092 0.22628737223628248 0.228082902539458 -0.000928532140787484 0.4249408390681098 0.1527670349174842 2 0.20833844512711452 0.22662012753087724 0.4257381705032933 0.1529233598088265 0.38177994257689896 0.3772491880866323 3 0.5983125129315807 0.304767060664811 0.38204000844954233 0.37713589195882985 0.42627567560484836 0.15307595445270114 
4 0.20830712915431407 0.22752124020431794 0.0001618489243354116 5.066809471626671e-05 0.23084141859903193 0.0007900982882396853 1 0.20922042062460164 0.22648038321178487 0.2283246383898144 -0.0005425131005826547 0.4320891273266168 0.17509270003948388 2 0.2084415127163098 0.22687110602790675 0.43183257117287177 0.17531243165550545 0.365043612864593 0.3938368655972468 3 0.5879928519988378 0.34442790652670574 0.36533479110595674 0.39395143690923057 0.4328413825581825 0.17569025865477408 
4 0.20839141115547763 0.2274633008628101 0.00016879201516339245 -0.00012619491736423776 0.23067360828112832 0.0005512749316819849 1 0.20947396259113943 0.2257504863599704 0.22863200489846178 -0.0005420199035874028 0.43641744206904587 0.19958454843551032 2 0.20869293627398802 0.2262984911605139 0.4368929388639806 0.20027949801185288 0.3455534712607579 0.4097014916323491 3 0.5728940216597693 0.3849929373136928 0.3466305368323565 0.41011836125728995 0.43719721465261635 0.20003617756862355 
4 0.20757026138937032 0.22777895264258757 -0.00048215424779429706 -0.00034420438215342596 0.22980003616530303 0.0010041381589461905 1 0.2076857162769978 0.22538042037086387 0.22746716455350766 -0.000637476770977806 0.4372949087672936 0.22567921327584448 2 0.20767367581620064 0.22602241250962854 0.4367886982484352 0.22685019697194883 0.32294251090800913 0.4246985475231706 3 0.5514081272822894 0.42653767722326974 0.3235002771796878 0.42515985540530826 0.4377797714348396 0.2268855045663224 
4 0.18574192877234172 0.24622233482156144 0.0005218757686411881 -0.00010863995688880012 0.2306309023017865 0.0011729053206316624 1 0.1861614169956156 0.24452502884520327 0.22873324376634907 0.00010332010251395587 0.4159942839152236 0.2452741270987944 2 0.1860608489686634 0.24480422579502933 0.4154525796020149 0.24589675140615466 0.3004598617338276 0.4433294560275509 3 0.5300122780486859 0.4452079950216021 0.30153647077370554 0.4441095375696741 0.41611293603950367 0.24598730911212366 
4 0.16281274150568523 0.261353820956978 0.0001842320055742519 -0.0005476835741328679 0.2299818548082115 0.0006243897990337687 1 0.16373511649399083 0.259794980910397 0.22885742155218441 0.00011503797891947658 0.39271589230308634 0.2611843251659055 2 0.16336709041830522 0.2601978176782013 0.3927667138649683 0.26174848106852844 0.27765729522137245 0.4587863539200718 3 0.5068102895934313 0.4614468373574367 0.2784989656463367 0.4593743278016073 0.3932940189189129 0.2618166166001006 
4 0.1391572129532526 0.2751110677446776 0.00043779974045346905 -0.0002884852347603388 0.23073987108827593 0.0006843573518374362 1 0.140305644194473 0.2740245834631806 0.22862320166145964 2.086954832593999e-05 0.36974737347887277 0.27451239499808183 2 0.1395101131931457 0.27459790856731914 0.36944499404865777 0.27506545413681693 0.25451650574844775 0.47275503776761985 3 0.4840605479147929 0.4746262617819131 0.25554828240881655 0.4731622993154951 0.36934995635366874 0.27519181542621873 
4 0.1123247526417904 0.28667615371885524 0.0005456517976107917 -0.000457528792979793 0.23068091048931952 0.0007627276212478196 1 0.11390715697552561 0.28588206365611235 0.228950088216853 -5.595768683376882e-05 0.3436870942943177 0.2865123191965848 2 0.11332451498973663 0.28633195915984155 0.343100266338621 0.2863962933871031 0.22863173156903477 0.48450145671573386 3 0.457962937382949 0.48613757370536326 0.2296872882386248 0.4853537657452644 0.3438830670942979 0.28707232281819683 
4 0.08625941639792874 0.27478179214998405 0.0001515865693379149 -0.00037696333115481355 0.23043593479569965 0.0005921567538363072 1 0.08709906848224078 0.2734504374006937 0.22872430886289477 -0.0001581226515856281 0.3159775054965555 0.29634350299870593 2 0.08676320389615912 0.274397005449091 0.31520437141019514 0.296219262483872 0.1824091830181228 0.4823784588083192 3 0.4108376572263811 0.5060637613163662 0.18301496083441304 0.48315283927921654 0.31636636321616746 0.2965667985532388 
4 0.06196694761700376 0.2605716830152981 0.0009853074264180913 -0.00032326167343930414 0.23059065223681985 0.0004303002758150288 1 0.06327976990086667 0.25999032995765614 0.22868031537364922 9.4890215544333e-06 0.2887931800857349 0.3027110746574214 2 0.06281758160907287 0.2601839013815299 0.2883926060358474 0.30288199909784835 0.13864345261734778 0.47619712647311574 3 0.36490798760794685 0.5203235304540018 0.13951450851790193 0.4772338288497153 0.2889117387075003 0.3034203375679102 
4 0.03842639218462404 0.24472244670150406 0.0007202974929902892 -0.0005760856905423957 0.22993138569041136 0.0006175303280541903 1 0.039876057275210416 0.2438284199719639 0.2290311450915294 0.0005391607634714136 0.26084677837830456 0.3071493535815341 2 0.03916471907378347 0.24397408799211892 0.26045672887877097 0.3072545155629254 0.09543602374907793 0.4660601778189147 3 0.31657903325796716 0.5307464251198302 0.09615659743391274 0.46693653608007657 0.26119414963194215 0.30761032001144 
4 0.019101702971331194 0.22828027374893925 0.0017767873291768396 -4.023221328692106e-05 0.2306537178429942 0.0007606450778015194 1 0.020491874834058482 0.22812168784447096 0.2292097448754054 0.0011142926908829511 0.23576556149129368 0.3090178448534794 2 0.020048604849088904 0.22838317660912275 0.23488882689120724 0.3091983637468542 0.0572622251843899 0.4537188508256219 3 0.27217270577202424 0.5369775238882342 0.05765408926898395 0.4550198324921567 0.2352829118794008 0.3096207188481421 
4 0.01849703946580577 0.22742565890176822 0.0019434343260179392 -0.0006930666244177566 0.23007420182670146 0.0010440737284132626 1 0.019472321407042147 0.22731882044309515 0.22910230414709762 0.0014603565346186977 0.24037603922652445 0.2897651010587726 2 0.01919142456374777 0.22764328643111104 0.24033095255253362 0.2898796374418473 0.07545017541486906 0.44891828514067017 3 0.29623219407216794 0.5134978566815397 0.07606703999112613 0.450061269198805 0.2406864263829933 0.29030099808710563 
4 0.017784191626713065 0.22743616387033422 0.0014072253980270694 -0.0009614747560327551 0.2304229915744403 0.0007502083464536577 1 0.019120049200575254 0.22684810345190873 0.2288537594200816 0.0014257141438773222 0.24484798598156896 0.2691593332253199 2 0.01865639175222806 0.22759248301310883 0.24454861873168765 0.2691214562631745 0.09582084490137327 0.44299488455931224 3 0.3217095823288535 0.4864293931700676 0.09632808530182764 0.4437036152338325 0.24560778471378028 0.2696948444209699 
4 0.018064478442136194 0.22727646933926132 0.0014435990579380416 -0.0012025777968196027 0.2302390926952621 0.0011935344371332153 1 0.018919601569349232 0.22634609544630022 0.22913761064848992 0.0010572355097438254 0.2470316555953457 0.24963177245209947 2 0.018652882217102474 0.2272751556318079 0.24779240671172234 0.24947057961154934 0.11445329908556673 0.43544880083278664 3 0.3429194934715047 0.45946096014420285 0.11475988135534179 0.4363811126428029 0.24820638753012836 0.25001529221682806 
4 0.01853114569376066 0.22787529883298893 0.0016759900314175893 -0.0009603666969291376 0.23050208083396245 0.0011434936337034612 1 0.019294134737827297 0.2271430439362786 0.22907248680382752 0.0013420113463370965 0.24809317626775879 0.22962986767964763 2 0.01955763246274806 0.2276532042007661 0.24887661469492697 0.22972095184528607 0.13348552350128967 0.42671032920915863 3 0.36283408076566054 0.42957175499267997 0.1337556526537863 0.427335423808073 0.2492886921050818 0.22969578740571794 
4 0.04534828868188283 0.2237151830596543 0.0010974146386482757 -0.000517351279360169 0.2308499959137732 0.0007805048842583302 1 0.04637305838581982 0.2229577081001538 0.22940942651821888 0.0009445114919359621 0.2754849149231494 0.22528668290210643 2 0.04658837258037404 0.22380680073575043 0.27601407519448296 0.22492202637217235 0.16057784276844078 0.42250804064743347 3 0.3902649632941864 0.42528807985090894 0.16150289588593889 0.4232572115225124 0.27664152621649996 0.22523559319984235 
4 0.0694672416034193 0.21776946028791283 0.0006867870818635954 -0.00045903551700816604 0.2306853281861905 0.0007986298381160817 1 0.07087762067217594 0.21657689026768337 0.2292952052753689 0.0008225678010876019 0.3002117697562605 0.21849339626966024 2 0.07104262284714079 0.2175614992482007 0.30043115328478337 0.21831613721554893 0.1854001428502699 0.4158785766914734 3 0.4150154280389738 0.41790287129809345 0.18631010687120778 0.4163344644998211 0.30097486258816397 0.21845405446828875 
4 0.09295019858376015 0.2091513139286153 0.00037706986230323604 -0.0007643005199809097 0.2301982058912146 0.001211342784627164 1 0.09260601563929133 0.20735387349749407 0.2286166913245411 0.0009165190587182297 0.3220389457251636 0.21108599646713205 2 0.09276112966492306 0.20871385251968855 0.3225537827202623 0.21064203181021096 0.20650680403026184 0.40747735530400103 3 0.43606775805734316 0.41095214380906175 0.20707256439345914 0.40809874572067817 0.3227714454822597 0.21083007138718432 
4 0.11366108006876022 0.19834044451428054 0.00032260531861206474 -0.0005532085997550169 0.22983961991406765 0.0006387299156278138 1 0.11418039657161827 0.19700381155798735 0.22925291820878502 0.0006106411790889114 0.34304493135976916 0.19971258805724426 2 0.11400981735459094 0.1978730621101212 0.3434914281084044 0.19989470951902077 0.22802630702989904 0.396513967054303 3 0.4566632474608615 0.39981079516513723 0.22875049542938192 0.3969481862484368 0.3443077277983317 0.19982247813904866 
