5 0.1182951532799395 0.19919341792472478 0.0006207595641128715 0.0006751010909241665 0.23049645730842788 0.0019382341171699292 6 0.1201748874583468 0.20041021361697078 0.23078622640741795 -0.0013882344958100036 0.35339940681668247 0.1937455792856017 2 0.12150950894540155 0.20451821955788735 0.35207292120814415 0.19230322485022666 0.2459041383499506 0.3966824083437888 3 0.47709954066254423 0.38716305443382343 0.2459448828160149 0.3959215225238128 0.35286677140990463 0.19307584570567907 
5 0.13798626559474558 0.2101756108976735 0.00013190120496441732 0.0003160026502018906 0.23058244629369515 0.002510221981852749 6 0.13985900523481648 0.21147658010267387 0.23042358838813617 -0.0004188613133070557 0.37146965099806385 0.18251913152762958 2 0.14144810123209892 0.21523292429133126 0.36999857147629117 0.18129068354206135 0.28336487750374123 0.39484375977179387 3 0.5125519033643872 0.3639066013249985 0.2832983271948938 0.3941260001207219 0.3709804591761446 0.182374696777919 
5 0.16041036262555838 0.21883873187532613 0.00027536243082141265 0.0005768265785731618 0.230565869914387 0.0023280738922333588 6 0.1623204757361639 0.21985682285157548 0.22998319356867916 -0.00045515501286775303 0.38971952231218837 0.16656422860660092 2 0.16456607894155742 0.22359182946235892 0.3881584860602149 0.1656786055623912 0.3245736231425635 0.3872485964041948 3 0.5490759090462299 0.3323605932969036 0.32436513738726125 0.38651677178514643 0.3893656755214402 0.16678845691015032 
5 0.18517201423124977 0.22555603785350026 0.00019605299777085476 0.0016982516392789935 0.2305103903184947 0.001948881064971969 6 0.18723379457988265 0.22627745014839276 0.2293562564173256 -0.00037046065743967803 0.406941486790148 0.14766515282595857 2 0.18981706937993995 0.22977226150588378 0.40545863585665176 0.1469330262286732 0.36742329863226865 0.37422462900030495 3 0.5843939509645 0.2942157293096146 0.36701456110108943 0.3734444933933663 0.40680369884999196 0.1477281559308373 
5 0.21014263793951973 0.2291208552375358 -0.0006630755291733279 0.002142265957210663 0.23059754127877996 0.0019690600858972065 6 0.2123385856239085 0.22952714968080615 0.2293109877345633 0.0001669025003366552 0.4222315853418295 0.12739302742994318 2 0.21547317559749693 0.23282258754372676 0.42034414695758177 0.1263711960728916 0.40795519089362515 0.35652479928956455 3 0.6146098675534426 0.25286917381065427 0.4075550073820317 0.3558194815242013 0.4217834962035338 0.12724071242596047 
5 0.21384625959914265 0.22820089508675135 6.54451190329884e-05 0.003293052660599839 0.2305390702049345 0.0012148348328246915 6 0.21645325377836525 0.2285921270795946 0.22886651437394817 -0.0015386537602153287 0.434128366571578 0.14354788993221917 2 0.21909592782977233 0.232041227616586 0.4323080887233006 0.1431317563883023 0.4009865331679649 0.37120877327458596 3 0.6154226173302917 0.28473631504781095 0.40066328101229753 0.37049883362901603 0.4335962255415086 0.14369225268397105 
5 0.2142300291102375 0.2279981385786306 7.380805732647562e-05 0.0033374452977092627 0.23053557565233915 0.0010818213225664135 6 0.2168674990299302 0.22828442619756167 0.228794851326853 -0.0017379670993707312 0.442209486385105 0.16474858664633088 2 0.2190915779041838 0.2318761374737306 0.43992881164455545 0.16434293587716792 0.38640774420897517 0.38831899814156867 3 0.6083506873804209 0.32325576012828095 0.3861952968853613 0.38755525729591656 0.44125663909890683 0.16520686404167135 
5 0.21445849202315162 0.22789641775333602 9.576594568362798e-05 0.0034684232901849335 0.2305383824658896 0.0010517775455134575 6 0.2169424106822926 0.22807168010467 0.2287788918407876 -0.001837793991240376 0.4481937783540605 0.18881056319919032 2 0.21904129370193678 0.23185180890801488 0.445732185590463 0.1885157436532426 0.36833156181088683 0.405347633502999 3 0.5960983852585789 0.36459022039264395 0.3681797884795468 0.4045474840052456 0.4468686279590919 0.1893694855211657 
5 0.21463078919370956 0.2277951107883196 9.615593425592e-05 0.0034894575399911937 0.23053202861569635 0.001047037146739076 6 0.21753874324642855 0.22844267417591588 0.22859390509416458 -0.0019354384228031966 0.45198948068813277 0.21457164974966965 2 0.2188167792191942 0.2317493239285436 0.44902299358576625 0.2147457031610565 0.34720717651034855 0.4212821006645376 3 0.5780216009842755 0.4070002496730335 0.34697312101964717 0.42033270157536585 0.45009994090069505 0.2157205015141829 
5 0.1934713784405615 0.2446247038844223 -0.000275352681083156 0.0015988935054139528 0.23054309538474538 0.0013567402657725942 6 0.1959784855139187 0.24496480450321376 0.22961132443816198 -0.002898872836049156 0.43087622972500356 0.23496171614779893 2 0.1975514565894162 0.2488998976251209 0.42793691611252516 0.2344660315137447 0.32378763088139306 0.43994052843910215 3 0.5547949019696692 0.4282356688204388 0.3235978505380349 0.4389838432744846 0.42904117011846316 0.23553281215464016 
5 0.17153210766263072 0.26105037936691666 -0.0001746887912702216 0.0022358236804369646 0.23051454020825232 0.001211484829801386 6 0.17407458623288893 0.2616037852327519 0.2297251610813976 -0.002828886847732669 0.4088740334368616 0.2520113091752797 2 0.1756725381614878 0.26558594116629586 0.40606961076586107 0.25145457783266385 0.30160767564005286 0.45660422857673777 3 0.5325584504489487 0.4450877588287386 0.3016285194566338 0.4559265731429899 0.40701653965334855 0.25245249104604733 
5 0.14781449533575272 0.2752971508184296 -0.00010083911648640809 0.0017745017195327816 0.23051951005097895 0.001316850801251128 6 0.15032693221921542 0.27618406699327225 0.22824351074802118 -0.003698709146836706 0.38523937196292357 0.2672624543413883 2 0.15193043315671953 0.2800766394228467 0.38215046549698506 0.26646346605486715 0.27720244549356915 0.47143555148043137 3 0.5081840991608768 0.46064839294468696 0.2771716652627785 0.47068942899098626 0.38336605984081806 0.2676146534968982 
5 0.12210073218219305 0.287433888406407 6.996100054839614e-05 0.0016692277774139773 0.23050306574490576 0.0013410891443526379 6 0.12435621017980395 0.2884860548262656 0.23033363744228696 -0.0026696517538501562 0.35899404459173856 0.28070289323475117 2 0.12588750108032137 0.29255754423289293 0.3562970170231275 0.27961602832448806 0.25074769381311285 0.4842351794588076 3 0.48183396708487647 0.47405547922912167 0.25084928239493126 0.48357464437993336 0.35739897228994645 0.2806835813782495 
5 0.0960905453928083 0.2765753793261165 0.00011080261451174956 0.0014749226312871425 0.23050744977267992 0.0015084182902969513 6 0.09807826172833596 0.2778345305756698 0.22946261121630063 -0.00308825529298858 0.33244149068241546 0.2918644241439432 2 0.09924426114411057 0.2821079844798126 0.3297535519967816 0.290643755702306 0.20562644806243158 0.48460962536680485 3 0.43646958635531125 0.4961756624896725 0.20560195849986118 0.48393226482821966 0.33072885102407573 0.2918345568511626 
5 0.07192904734428316 0.2636771560855465 0.0002852611465126818 0.0013467330859850309 0.23051028395236753 0.0015377685938503516 6 0.07348688777284937 0.265058604826492 0.23131931384738402 -0.0017613881931237037 0.30556230840650705 0.3004440234399316 2 0.0742334443864133 0.26924228379726085 0.3031641449782307 0.2989752361298162 0.16169780379872142 0.48074088732134296 3 0.39056646934861495 0.5133064552572408 0.16175291967968783 0.48006877458867103 0.3038766465865978 0.30018317161181407 
5 0.05095315294518505 0.2490785789856535 0.00033106513445942646 0.0011563338624851862 0.23052996708247045 0.0015811572622488915 6 0.052396457474600555 0.2502038419952558 0.2332919971128793 -0.001040301751912962 0.2799137549831097 0.30613823778071965 2 0.05252628600087885 0.25478105442910576 0.2779807552142825 0.304576862992483 0.12094570389401893 0.4731656364899155 3 0.34596819952762586 0.5258283999996948 0.12110139346026485 0.4725675714407886 0.2786034047010616 0.3058746443536125 
5 0.03161533796841863 0.23315546640327933 0.0006406756390207376 0.0013126225817614416 0.23052077243633692 0.001545543478189293 6 0.032534161680750935 0.23425986542756277 0.23553328742991166 0.0003955515626464646 0.254273249872179 0.31041923473106665 2 0.03248256749604046 0.23865657497965997 0.2523113058883316 0.30851571535217865 0.08092744693678306 0.4623270851067123 3 0.30022843457340615 0.5350750198422006 0.08106931812171245 0.4616747327613703 0.25296140312948606 0.3098974563564325 
5 0.029509465397229526 0.2323472230714505 0.0006510798697412995 0.0005434499299932155 0.23056732872928995 0.002336380566555009 6 0.0301572504673916 0.23314945054413895 0.23525494347513048 0.001033234217115286 0.25693521539664815 0.2915264774941375 2 0.03036168700530218 0.23771156721538333 0.255196388147772 0.2899498066846393 0.09618700458729519 0.45682264444145887 3 0.3204092210198985 0.5123377774290935 0.09626092695494286 0.45615015230567546 0.25572800222797105 0.2914705624924587 
5 0.02928707779939327 0.23223312265769977 0.0006859440716714012 0.00043491444467990727 0.2304757262655769 0.002362796412924336 6 0.02982344703119045 0.23331646785806953 0.23523327585208036 0.00104478012203726 0.26072677260037265 0.2711389555006926 2 0.0305191876638516 0.23769301625186386 0.25918625496382725 0.2696679947178767 0.11560928423823115 0.4500150993683182 3 0.34391017293438715 0.4854416307929677 0.11564687419350075 0.449495256062385 0.2599735673483596 0.2712247137463466 
5 0.029242606773708065 0.23212316445424566 0.0006561369751610655 0.00043521018019283033 0.23049471360338922 0.002362375189553856 6 0.029875141171619765 0.2333894478905216 0.2352189407256725 0.0010359886037209559 0.263037602874766 0.25130266625378545 2 0.03095924198467778 0.23782668921189548 0.26163423631046245 0.24991263501002547 0.1341136130907325 0.44197319187781087 3 0.3647758045569826 0.45736858787544255 0.13423501859902748 0.4413910991868593 0.26247770568958745 0.25141552174859366 
5 0.029242593863334305 0.23212315584135582 0.0006683531668013015 0.00043468204222577126 0.23049472146064579 0.0023625193088182513 6 0.030592918477347058 0.2340820792848317 0.23511410732704688 0.0009390745864005657 0.26398734478539976 0.2307874210444595 2 0.03178893684968805 0.23849674221901093 0.2625411345008207 0.22936691541654845 0.15341783704268583 0.43254718024238825 3 0.3846411023097683 0.4267980242955753 0.1531869635767986 0.43165445574122885 0.2636622207625465 0.23086258976487722 
5 0.053385626437345575 0.22730371385816235 0.0006739019906962569 0.0002548491108605908 0.23044796865973907 0.0024045912051991088 6 0.05414644445448795 0.22860661506808158 0.2335318001662476 0.00036872274313476833 0.28760115692397 0.22593710366510456 2 0.05563482629720186 0.23282116906081837 0.28629986961531145 0.22444283793642945 0.17657314668264779 0.42720277384748335 3 0.40785320762057915 0.4220349052164278 0.17642105353167306 0.42628541128010755 0.28746836324890007 0.22574018934175819 
5 0.07613935909223038 0.22004591432414985 0.0005103141101969815 0.00020003514042661998 0.23044594346463435 0.0025398283567036766 6 0.07720595360169576 0.22146033616809455 0.23217619578260618 0.0001704644736209548 0.3105667061584972 0.21819960612161288 2 0.07853292579396028 0.2255346654961958 0.30930201570640997 0.21695098037324295 0.1997727635056879 0.4197515423316855 3 0.43104571846042755 0.41422187832859325 0.19958448205642315 0.4187995991842438 0.3102757071798325 0.21813760455719905 
5 0.09678515439497522 0.21073975651231395 0.0005429571883344223 -5.725139857389446e-05 0.23039031723584577 0.0027229042624380196 6 0.09822849355272079 0.21218346506705507 0.2309727781455432 -5.2161040757052536e-05 0.3316675287240987 0.20861743236921655 2 0.0996192289447853 0.2163889918957316 0.3303170328890456 0.2073296621405523 0.22115104354007656 0.41041101375692896 3 0.45231926479303763 0.40459662525646883 0.2209476692282406 0.40944319958337295 0.331404045354612 0.20863089049596606 
5 0.11763540059984899 0.19975748941924168 0.0005047636763532249 0.0002780969343553636 0.23041000545414995 0.002522460445240795 6 0.1188177408793315 0.20120193707242062 0.23069195000139365 -0.0001804777609524137 0.3526936849365055 0.19628407408688356 2 0.12054875874805059 0.2053723440048589 0.3511587208969586 0.19543554158241258 0.24269150304873513 0.3988850860667628 3 0.4739033210999795 0.3922711233028185 0.24276314540544658 0.39816693878025916 0.3522414358749266 0.19681932443227762 
