1 1 0 0 0 0 0 0 2 0 0 0 0 0 0 3 0 0 0 0 0 0 4 0 0 0 0 0 0 5 0 0 0 0 0 0
2 1 0 0 0 0 0 0 2 0 0 0 0 0 0 3 0 0 0 0 0 0 4 200 0 0 0 0 0 5 0 0 0 0 0 0
3 1 0 0 0 0 0 0 2 0 0 0 0 0 0 3 0 0 0 0 0 0 4 400 0 0 0 0 0 5 0 0 0 0 0 0
4 1 0 0 0 0 0 0 2 0 0 0 0 0 0 3 0 0 0 0 0 0 4 600 0 0 0 0 0 5 0 0 0 0 0 0
5 1 0 0 0 0 0 0 2 0 0 0 0 0 0 3 0 0 0 0 0 0 4 800 0 0 0 0 0 5 0 0 0 0 0 0
6 1 0 0 200 0 0 0 2 0 0 0 0 0 0 3 0 0 0 0 0 0 4 800 0 0 0 0 0 5 0 0 0 0 0 0
7 1 0 0 400 0 0 0 2 0 0 0 0 0 0 3 0 0 0 0 0 0 4 800 0 0 0 0 0 5 0 0 0 0 0 0
8 1 0 0 600 0 0 0 2 0 0 0 0 0 0 3 0 0 0 0 0 0 4 800 0 0 0 0 0 5 0 0 0 0 0 0
9 1 0 0 800 0 0 0 2 0 0 0 0 0 0 3 0 0 0 0 0 0 4 800 0 0 0 0 0 5 0 0 0 0 0 0
10 1 200 0 800 0 0 0 2 0 0 0 0 0 0 3 0 0 0 0 0 0 4 800 200 0 0 0 0 5 0 0 0 0 0 0
11 1 400 0 800 0 0 0 2 0 0 0 0 0 0 3 0 0 0 0 0 0 4 800 400 0 0 0 0 5 0 0 0 0 0 0
12 1 600 0 800 0 0 0 2 0 0 0 0 0 0 3 0 0 0 0 0 0 4 800 600 0 0 0 0 5 0 0 0 0 0 0
13 1 800 0 800 0 0 0 2 0 0 0 0 0 0 3 0 0 0 0 0 0 4 800 800 0 0 0 0 5 0 0 0 0 0 0
14 1 800 0 800 0 0 0 2 0 0 0 0 0 0 3 0 0 0 0 0 0 4 600 800 0 0 0 0 5 0 0 0 0 0 0
15 1 800 0 800 0 0 0 2 0 0 0 0 0 0 3 0 0 0 0 0 0 4 400 800 0 0 0 0 5 0 0 0 0 0 0
16 1 800 0 800 0 0 0 2 0 0 0 0 0 0 3 0 0 0 0 0 0 4 200 800 0 0 0 0 5 0 0 0 0 0 0
17 1 800 0 800 0 0 0 2 0 0 0 0 0 0 3 0 0 0 0 0 0 4 0 800 0 0 0 0 5 0 0 0 0 0 0
18 1 800 0 600 0 0 0 2 0 0 0 0 0 0 3 0 0 0 0 0 0 4 0 800 0 0 0 0 5 0 0 0 0 0 0
19 1 800 0 400 0 0 0 2 0 0 0 0 0 0 3 0 0 0 0 0 0 4 0 800 0 0 0 0 5 0 0 0 0 0 0
20 1 800 0 200 0 0 0 2 0 0 0 0 0 0 3 0 0 0 0 0 0 4 0 800 0 0 0 0 5 0 0 0 0 0 0
21 1 800 0 0 0 0 0 2 0 0 0 0 0 0 3 0 0 0 0 0 0 4 0 800 0 0 0 0 5 0 0 0 0 0 0
22 1 600 0 0 0 0 0 2 0 0 0 0 0 0 3 0 0 0 0 0 0 4 0 600 0 0 0 0 5 0 0 0 0 0 0
23 1 400 0 0 0 0 0 2 0 0 0 0 0 0 3 0 0 0 0 0 0 4 0 400 0 0 0 0 5 0 0 0 0 0 0
24 1 200 0 0 0 0 0 2 0 0 0 0 0 0 3 0 0 0 0 0 0 4 0 200 0 0 0 0 5 0 0 0 0 0 0
25 1 0 0 0 0 0 0 2 0 0 0 0 0 0 3 0 0 0 0 0 0 4 0 0 0 0 0 0 5 0 0 0 0 0 0
