#Exudyn implicit second order time integration sensor output file
#measure Body number = 2
#OutputVariableType = Position
#simulation started = 2024-08-03,15:54:17
#columns contain: time, comma separated sensor values (e.g, x,y,z position coordinates)
#number of sensor values = 3
#Exudyn version = 1.8.52.dev1; Python3.9.18; Windows AVX2 FLOAT64
#
0,0.5,1,0.5
0.01,0.5000059946,1,0.5
0.02,0.5000239856,0.9999999997,0.5
0.03,0.5000539941,0.9999999985,0.5
0.04,0.5000960553,0.9999999954,0.5
0.05,0.5001502188,0.9999999887,0.5
0.06,0.5002165483,0.9999999766,0.5
0.07,0.5002951218,0.9999999565,0.5
0.08,0.5003860316,0.9999999255,0.5
0.09,0.5004893847,0.9999998803,0.5
0.1,0.5006053027,0.9999998168,0.5
0.11,0.5007339219,0.9999997307,0.5
0.12,0.5008753936,0.9999996168,0.5
0.13,0.5010298841,0.9999994697,0.5
0.14,0.5011975752,0.9999992829,0.5
0.15,0.501378664,0.9999990496,0.5
0.16,0.5015733635,0.9999987623,0.5
0.17,0.5017819027,0.9999984124,0.5
0.18,0.5020045269,0.9999979909,0.5
0.19,0.5022414978,0.9999974878,0.5
0.2,0.5024930942,0.9999968922,0.5
0.21,0.5027596118,0.9999961923,0.5
0.22,0.5030413641,0.999995375,0.5
0.23,0.5033386824,0.9999944266,0.5
0.24,0.5036519164,0.9999933317,0.5
0.25,0.5039814342,0.9999920741,0.5
0.26,0.5043276234,0.9999906358,0.5
0.27,0.5046908909,0.9999889977,0.5
0.28,0.505071664,0.999987139,0.5
0.29,0.5054703902,0.9999850373,0.5
0.3,0.5058875383,0.9999826683,0.5
0.31,0.5063235987,0.9999800058,0.5
0.32,0.506779084,0.9999770217,0.5
0.33,0.5072545296,0.9999736856,0.5
0.34,0.5077504943,0.9999699645,0.5
0.35,0.508267561,0.9999658231,0.5
0.36,0.5088063375,0.9999612235,0.5
0.37,0.5093674567,0.9999561244,0.5
0.38,0.5099515782,0.9999504818,0.5
0.39,0.5105593881,0.9999442481,0.5
0.4,0.5111916007,0.9999373721,0.5
0.41,0.5118489585,0.9999297986,0.5
0.42,0.5125322338,0.9999214685,0.5
0.43,0.5132422289,0.9999123178,0.5
0.44,0.5139797778,0.9999022781,0.5
0.45,0.5147457463,0.9998912756,0.5
0.46,0.5155410339,0.9998792308,0.5
0.47,0.5163665739,0.9998660587,0.5
0.48,0.5172233354,0.9998516674,0.5
0.49,0.5181123236,0.9998359584,0.5
0.5,0.5190345817,0.9998188259,0.5
0.51,0.5199911912,0.9998001562,0.5
0.52,0.5209832741,0.9997798269,0.5
0.53,0.5220119936,0.9997577067,0.5
0.54,0.5230785555,0.9997336547,0.5
0.55,0.5241842096,0.9997075192,0.5
0.56,0.5253302511,0.9996791377,0.5
0.57,0.5265180222,0.9996483354,0.5
0.58,0.5277489135,0.9996149248,0.5
0.59,0.5290243654,0.9995787044,0.5
0.6,0.53034587,0.999539458,0.5
0.61,0.5317149727,0.9994969537,0.5
0.62,0.5331332735,0.9994509424,0.5
0.63,0.5346024296,0.9994011566,0.5
0.64,0.5361241562,0.9993473097,0.5
0.65,0.5377002291,0.9992890937,0.5
0.66,0.5393324866,0.9992261783,0.5
0.67,0.541022831,0.9991582094,0.5
0.68,0.5427732311,0.9990848066,0.5
0.69,0.544585724,0.9990055622,0.5
0.7,0.5464624174,0.9989200387,0.5
0.71,0.5484054919,0.9988277671,0.5
0.72,0.5504172029,0.9987282441,0.5
0.73,0.5524998833,0.9986209302,0.5
0.74,0.5546559456,0.9985052467,0.5
0.75,0.5568878847,0.998380573,0.5
0.76,0.5591982798,0.998246244,0.5
0.77,0.5615897972,0.9981015464,0.5
0.78,0.5640651931,0.9979457155,0.5
0.79,0.5666273159,0.9977779316,0.5
0.8,0.5692791088,0.9975973161,0.5
0.81,0.5720236128,0.9974029272,0.5
0.82,0.5748639692,0.9971937556,0.5
0.83,0.5778034221,0.9969687194,0.5
0.84,0.5808453219,0.9967266596,0.5
0.85,0.583993127,0.9964663339,0.5
0.86,0.5872504075,0.9961864115,0.5
0.87,0.5906208475,0.9958854663,0.5
0.88,0.5941082478,0.9955619708,0.5
0.89,0.5977165287,0.9952142885,0.5
0.9,0.6014497326,0.9948406665,0.5
0.91,0.6053120265,0.9944392274,0.5
0.92,0.6093077048,0.9940079606,0.5
0.93,0.6134411909,0.9935447127,0.5
0.94,0.6177170405,0.9930471783,0.5
0.95,0.6221399424,0.9925128888,0.5
0.96,0.6267147215,0.9919392014,0.5
0.97,0.6314463397,0.9913232872,0.5
0.98,0.6363398974,0.9906621182,0.5
0.99,0.6414006348,0.9899524537,0.5
1,0.646633932,0.9891908259,0.5
1.01,0.6520453099,0.9883735244,0.5
1.02,0.6576404294,0.9874965797,0.5
1.03,0.6634250908,0.9865557459,0.5
1.04,0.6694052325,0.9855464815,0.5
1.05,0.6755869285,0.9844639305,0.5
1.06,0.6819763859,0.9833029009,0.5
1.07,0.6885799405,0.9820578425,0.5
1.08,0.6954040524,0.9807228234,0.5
1.09,0.7024552999,0.9792915049,0.5
1.1,0.7097403717,0.9777571153,0.5
1.11,0.7172660587,0.9761124217,0.5
1.12,0.7250392435,0.9743497005,0.5
1.13,0.7330668881,0.9724607065,0.5
1.14,0.7413560197,0.9704366398,0.5
1.15,0.7499137146,0.9682681113,0.5
1.16,0.7587470792,0.9659451066,0.5
1.17,0.7678632287,0.963456948,0.5
1.18,0.7772692619,0.9607922545,0.5
1.19,0.7869722343,0.9579389003,0.5
1.2,0.7969791256,0.9548839715,0.5
1.21,0.8072968049,0.9516137209,0.5
1.22,0.81793199,0.9481135215,0.5
1.23,0.8288912031,0.9443678184,0.5
1.24,0.8401807203,0.9403600787,0.5
1.25,0.8518065153,0.9360727406,0.5
1.26,0.8637741975,0.9314871621,0.5
1.27,0.8760889421,0.9265835676,0.5
1.28,0.8887554133,0.9213409948,0.5
1.29,0.9017776794,0.915737242,0.5
1.3,0.9151591186,0.9097488149,0.5
1.31,0.9289023153,0.9033508753,0.5
1.32,0.9430089467,0.8965171907,0.5
1.33,0.9574796572,0.8892200871,0.5
1.34,0.9723139226,0.8814304048,0.5
1.35,0.9875098999,0.8731174592,0.5
1.36,1.003064265,0.8642490062,0.5
1.37,1.018972038,0.8547912165,0.5
1.38,1.035226387,0.8447086569,0.5
1.39,1.051818426,0.8339642826,0.5
1.4,1.068736991,0.8225194436,0.5
1.41,1.085968399,0.8103339035,0.5
1.42,1.103496195,0.7973658776,0.5
1.43,1.121300877,0.7835720903,0.5
1.44,1.139359608,0.7689078562,0.5
1.45,1.157645914,0.7533271879,0.5
1.46,1.176129357,0.7367829342,0.5
1.47,1.194775209,0.7192269525,0.5
1.48,1.213544098,0.70061032,0.5
1.49,1.232391658,0.6808835879,0.5
1.5,1.251268162,0.6599970836,0.5
1.51,1.270118158,0.6379012636,0.5
1.52,1.288880109,0.6145471285,0.5
1.53,1.30748603,0.5898866937,0.5
1.54,1.325861151,0.5638735316,0.5
1.55,1.343923597,0.5364633833,0.5
1.56,1.361584104,0.5076148451,0.5
1.57,1.37874577,0.4772901332,0.5
1.58,1.395303868,0.4454559278,0.5
1.59,1.411145724,0.4120842986,0.5
1.6,1.426150679,0.3771537087,0.5
1.61,1.440190147,0.3406500965,0.5
1.62,1.453127792,0.3025680281,0.5
1.63,1.464819841,0.2629119132,0.5
1.64,1.475115541,0.2216972731,0.5
1.65,1.483857797,0.178952045,0.5
1.66,1.490883992,0.1347179051,0.5
1.67,1.496027015,0.08905158598,0.5
1.68,1.499116511,0.04202616163,0.5
1.69,1.499980359,-0.006267732549,0.5
1.7,1.49844639,-0.05572078094,0.5
1.71,1.494344361,-0.1062040109,0.5
1.72,1.487508139,-0.1575680015,0.5
1.73,1.477778142,-0.209642326,0.5
1.74,1.46500397,-0.2622352737,0.5
1.75,1.449047219,-0.315133903,0.5
1.76,1.429784438,-0.3681044683,0.5
1.77,1.407110169,-0.4208932666,0.5
1.78,1.380940019,-0.4732279389,0.5
1.79,1.351213693,-0.5248192535,0.5
1.8,1.317897897,-0.5753633901,0.5
1.81,1.280989043,-0.6245447255,0.5
1.82,1.240515655,-0.6720391095,0.5
1.83,1.196540374,-0.7175176011,0.5
1.84,1.149161491,-0.760650615,0.5
1.85,1.098513913,-0.8011124115,0.5
1.86,1.044769476,-0.8385858439,0.5
1.87,0.988136571,-0.8727672588,0.5
1.88,0.9288590122,-0.9033714339,0.5
1.89,0.8672141517,-0.9301364238,0.5
1.9,0.8035102274,-0.9528281807,0.5
1.91,0.738082986,-0.9712448156,0.5
1.92,0.6712916339,-0.9852203693,0.5
1.93,0.6035141995,-0.9946279759,0.5
1.94,0.5351424161,-0.9993823145,0.5
1.95,0.4665762473,-0.9994412703,0.5
1.96,0.3982182004,-0.9948067477,0.5
1.97,0.3304675736,-0.9855246097,0.5
1.98,0.2637147922,-0.9716837452,0.5
1.99,0.1983359812,-0.953414296,0.5
2,0.1346879129,-0.9308851052,0.5
2.01,0.07310345377,-0.9043004693,0.5
2.02,0.01388761138,-0.8738963014,0.5
2.03,-0.04268573831,-0.8399358246,0.5
2.04,-0.09637639065,-0.8027049275,0.5
2.05,-0.1469795928,-0.7625073157,0.5
2.06,-0.1943270645,-0.7196595914,0.5
2.07,-0.2382872826,-0.6744863886,0.5
2.08,-0.2787650745,-0.6273156771,0.5
2.09,-0.3157005839,-0.578474336,0.5
2.1,-0.3490676833,-0.5282840801,0.5
2.11,-0.3788719211,-0.4770578019,0.5
2.12,-0.4051480928,-0.4250963774,0.5
2.13,-0.4279575289,-0.3726859598,0.5
2.14,-0.4473851887,-0.3200957736,0.5
2.15,-0.4635366464,-0.2675764024,0.5
2.16,-0.4765350449,-0.2153585523,0.5
2.17,-0.4865180876,-0.163652262,0.5
2.18,-0.4936351247,-0.1126465225,0.5
2.19,-0.4980443838,-0.06250926273,0.5
2.2,-0.4999103813,-0.01338765542,0.5
2.21,-0.4994015417,0.03459130499,0.5
2.22,-0.4966880442,0.08131999995,0.5
2.23,-0.491939906,0.126709206,0.5
2.24,-0.4853253043,0.1706869785,0.5
2.25,-0.4770091359,0.2131974397,0.5
2.26,-0.4671518035,0.2541995061,0.5
2.27,-0.4559082188,0.2936655874,0.5
2.28,-0.4434270064,0.3315802821,0.5
2.29,-0.4298498928,0.3679390938,0.5
2.3,-0.4153112614,0.4027471846,0.5
2.31,-0.3999378565,0.4360181814,0.5
2.32,-0.3838486172,0.4677730452,0.5
2.33,-0.3671546252,0.498039011,0.5
2.34,-0.3499591457,0.5268486035,0.5
2.35,-0.3323577528,0.5542387316,0.5
2.36,-0.3144385171,0.5802498618,0.5
2.37,-0.2962822478,0.6049252698,0.5
2.38,-0.2779627759,0.6283103688,0.5
2.39,-0.2595472674,0.650452111,0.5
2.4,-0.2410965593,0.6713984584,0.5
2.41,-0.2226655081,0.6911979192,0.5
2.42,-0.204303347,0.7098991446,0.5
2.43,-0.1860540439,0.7275505816,0.5
2.44,-0.1679566567,0.7442001779,0.5
2.45,-0.150045682,0.7598951318,0.5
2.46,-0.132351394,0.7746816859,0.5
2.47,-0.1149001721,0.7886049571,0.5
2.48,-0.09771481377,0.8017088009,0.5
2.49,-0.08081483374,0.8140357049,0.5
2.5,-0.06421674648,0.8256267092,0.5
2.51,-0.04793433316,0.8365213485,0.5
2.52,-0.03197889206,0.8467576149,0.5
2.53,-0.01635947284,0.8563719372,0.5
2.54,-0.001083094782,0.865399175,0.5
2.55,0.01384505047,0.8738726252,0.5
2.56,0.02842141124,0.8818240384,0.5
2.57,0.04264390245,0.8892836443,0.5
2.58,0.05651174608,0.8962801842,0.5
2.59,0.0700253246,0.9028409486,0.5
2.6,0.08318604664,0.9089918197,0.5
2.61,0.09599622423,0.9147573171,0.5
2.62,0.1084589608,0.9201606461,0.5
2.63,0.1205780494,0.9252237477,0.5
2.64,0.1323578797,0.9299673496,0.5
2.65,0.1438033546,0.9344110176,0.5
2.66,0.1549198141,0.9385732072,0.5
2.67,0.1657129667,0.9424713149,0.5
2.68,0.176188828,0.9461217284,0.5
2.69,0.1863536649,0.9495398762,0.5
2.7,0.1962139461,0.952740276,0.5
2.71,0.2057762976,0.9557365814,0.5
2.72,0.2150474629,0.9585416275,0.5
2.73,0.2240342676,0.9611674748,0.5
2.74,0.2327435884,0.9636254513,0.5
2.75,0.2411823248,0.9659261934,0.5
2.76,0.2493573749,0.968079684,0.5
2.77,0.257275614,0.9700952904,0.5
2.78,0.2649438754,0.9719817994,0.5
2.79,0.2723689341,0.9737474508,0.5
2.8,0.2795574929,0.9753999698,0.5
2.81,0.2865161695,0.9769465974,0.5
2.82,0.2932514865,0.978394119,0.5
2.83,0.2997698623,0.9797488923,0.5
2.84,0.3060776036,0.9810168725,0.5
2.85,0.3121808994,0.9822036375,0.5
2.86,0.3180858155,0.9833144103,0.5
2.87,0.3237982909,0.9843540815,0.5
2.88,0.3293241343,0.9853272293,0.5
2.89,0.3346690222,0.9862381395,0.5
2.9,0.3398384967,0.987090823,0.5
2.91,0.344837965,0.9878890337,0.5
2.92,0.3496726986,0.9886362842,0.5
2.93,0.3543478335,0.9893358613,0.5
2.94,0.3588683708,0.98999084,0.5
2.95,0.3632391772,0.9906040972,0.5
2.96,0.3674649866,0.9911783241,0.5
2.97,0.371550401,0.9917160382,0.5
2.98,0.3754998927,0.9922195943,0.5
2.99,0.3793178059,0.9926911947,0.5
3,0.3830083589,0.9931328994,0.5
3.01,0.386575646,0.993546635,0.5
3.02,0.3900236404,0.9939342032,0.5
3.03,0.393356196,0.9942972891,0.5
3.04,0.3965770502,0.9946374684,0.5
3.05,0.3996898264,0.9949562147,0.5
3.06,0.4026980368,0.995254906,0.5
3.07,0.4056050846,0.9955348311,0.5
3.08,0.408414267,0.995797195,0.5
3.09,0.4111287776,0.9960431245,0.5
3.1,0.4137517092,0.9962736734,0.5
3.11,0.4162860565,0.9964898272,0.5
3.12,0.4187347185,0.9966925073,0.5
3.13,0.4211005012,0.9968825754,0.5
3.14,0.4233861202,0.9970608374,0.5
3.15,0.4255942031,0.9972280468,0.5
3.16,0.427727292,0.9973849085,0.5
3.17,0.4297878462,0.9975320814,0.5
3.18,0.4317782442,0.997670182,0.5
3.19,0.4337007863,0.9977997867,0.5
3.2,0.4355576968,0.9979214346,0.5
3.21,0.4373511265,0.99803563,0.5
3.22,0.4390831544,0.9981428444,0.5
3.23,0.4407557902,0.9982435192,0.5
3.24,0.4423709764,0.9983380668,0.5
3.25,0.4439305903,0.9984268733,0.5
3.26,0.4454364459,0.9985102997,0.5
3.27,0.4468902957,0.9985886837,0.5
3.28,0.4482938331,0.9986623415,0.5
3.29,0.4496486936,0.9987315685,0.5
3.3,0.4509564571,0.9987966414,0.5
3.31,0.4522186492,0.998857819,0.5
3.32,0.4534367432,0.9989153433,0.5
3.33,0.4546121614,0.998969441,0.5
3.34,0.4557462771,0.9990203241,0.5
3.35,0.4568404157,0.999068191,0.5
3.36,0.4578958565,0.9991132274,0.5
3.37,0.4589138338,0.999155607,0.5
3.38,0.4598955388,0.9991954925,0.5
3.39,0.4608421203,0.9992330361,0.5
3.4,0.4617546864,0.9992683804,0.5
3.41,0.4626343058,0.9993016586,0.5
3.42,0.4634820088,0.9993329957,0.5
3.43,0.4642987884,0.9993625085,0.5
3.44,0.465085602,0.9993903065,0.5
3.45,0.4658433715,0.9994164921,0.5
3.46,0.4665729855,0.9994411612,0.5
3.47,0.4672752994,0.9994644036,0.5
3.48,0.4679511367,0.9994863032,0.5
3.49,0.4686012903,0.999506939,0.5
3.5,0.4692265228,0.9995263844,0.5
3.51,0.4698275678,0.9995447085,0.5
3.52,0.4704051306,0.9995619759,0.5
3.53,0.4709598889,0.999578247,0.5
3.54,0.4714924939,0.9995935785,0.5
3.55,0.4720035708,0.9996080232,0.5
3.56,0.4724937196,0.9996216307,0.5
3.57,0.4729635156,0.9996344474,0.5
3.58,0.4734135107,0.9996465168,0.5
3.59,0.4738442331,0.9996578794,0.5
3.6,0.4742561886,0.9996685732,0.5
3.61,0.4746498612,0.9996786336,0.5
3.62,0.4750257132,0.9996880939,0.5
3.63,0.475384186,0.9996969849,0.5
3.64,0.4757257008,0.9997053358,0.5
3.65,0.4760506588,0.9997131734,0.5
3.66,0.4763594416,0.9997205229,0.5
3.67,0.4766524122,0.9997274079,0.5
3.68,0.4769299146,0.9997338502,0.5
3.69,0.4771922751,0.99973987,0.5
3.7,0.4774398017,0.9997454863,0.5
3.71,0.4776727854,0.9997507167,0.5
3.72,0.4778915001,0.9997555772,0.5
3.73,0.4780962026,0.999760083,0.5
3.74,0.4782871335,0.9997642479,0.5
3.75,0.4784645173,0.9997680846,0.5
3.76,0.4786285624,0.9997716047,0.5
3.77,0.4787794616,0.999774819,0.5
3.78,0.4789173922,0.9997777371,0.5
3.79,0.4790425163,0.9997803678,0.5
3.8,0.4791549811,0.999782719,0.5
3.81,0.4792549187,0.9997847976,0.5
3.82,0.4793424465,0.99978661,0.5
3.83,0.4794176675,0.9997881614,0.5
3.84,0.47948067,0.9997894564,0.5
3.85,0.4795315281,0.9997904989,0.5
3.86,0.4795703016,0.9997912919,0.5
3.87,0.479597036,0.9997918379,0.5
3.88,0.4796117628,0.9997921383,0.5
3.89,0.4796144993,0.9997921941,0.5
3.9,0.4796052487,0.9997920054,0.5
3.91,0.4795840001,0.9997915718,0.5
3.92,0.4795507286,0.9997908918,0.5
3.93,0.479505395,0.9997899635,0.5
3.94,0.4794479461,0.9997887842,0.5
3.95,0.4793783143,0.9997873504,0.5
3.96,0.4792964178,0.9997856579,0.5
3.97,0.4792021603,0.9997837015,0.5
3.98,0.4790954311,0.9997814756,0.5
3.99,0.4789761047,0.9997789735,0.5
4,0.4788440408,0.9997761876,0.5
4.01,0.4786990843,0.9997731097,0.5
4.02,0.4785410648,0.9997697305,0.5
4.03,0.4783697965,0.9997660398,0.5
4.04,0.4781850782,0.9997620263,0.5
4.05,0.4779866927,0.9997576778,0.5
4.06,0.4777744071,0.999752981,0.5
4.07,0.4775479717,0.9997479214,0.5
4.08,0.4773071205,0.9997424835,0.5
4.09,0.4770515705,0.9997366501,0.5
4.1,0.4767810214,0.9997304032,0.5
4.11,0.4764951554,0.999723723,0.5
4.12,0.4761936364,0.9997165884,0.5
4.13,0.4758761103,0.9997089766,0.5
4.14,0.4755422041,0.9997008634,0.5
4.15,0.4751915255,0.9996922224,0.5
4.16,0.4748236625,0.9996830258,0.5
4.17,0.474438183,0.9996732434,0.5
4.18,0.4740346343,0.9996628431,0.5
4.19,0.4736125424,0.9996517904,0.5
4.2,0.4731714116,0.9996400486,0.5
4.21,0.4727107238,0.9996275784,0.5
4.22,0.4722299382,0.9996143375,0.5
4.23,0.4717284902,0.999600281,0.5
4.24,0.4712057912,0.9995853608,0.5
4.25,0.4706612274,0.9995695256,0.5
4.26,0.4700941598,0.9995527203,0.5
4.27,0.4695039228,0.9995348865,0.5
4.28,0.4688898238,0.9995159613,0.5
4.29,0.4682511422,0.9994958779,0.5
4.3,0.4675871287,0.9994745648,0.5
4.31,0.4668970045,0.9994519457,0.5
4.32,0.4661799602,0.9994279388,0.5
4.33,0.4654351549,0.9994024572,0.5
4.34,0.4646617154,0.9993754078,0.5
4.35,0.4638587351,0.9993466911,0.5
4.36,0.463025273,0.999316201,0.5
4.37,0.4621603524,0.9992838241,0.5
4.38,0.4612629602,0.9992494392,0.5
4.39,0.4603320455,0.9992129169,0.5
4.4,0.4593665182,0.999174119,0.5
4.41,0.4583652483,0.9991328978,0.5
4.42,0.4573270641,0.9990890954,0.5
4.43,0.4562507511,0.9990425433,0.5
4.44,0.4551350509,0.9989930612,0.5
4.45,0.4539786592,0.9989404568,0.5
4.46,0.4527802247,0.9988845243,0.5
4.47,0.4515383478,0.9988250439,0.5
4.48,0.4502515787,0.9987617807,0.5
4.49,0.4489184157,0.9986944837,0.5
4.5,0.447537304,0.9986228845,0.5
4.51,0.4461066338,0.9985466965,0.5
4.52,0.4446247382,0.998465613,0.5
4.53,0.4430898921,0.9983793065,0.5
4.54,0.4415003097,0.9982874267,0.5
4.55,0.4398541427,0.9981895992,0.5
4.56,0.438149479,0.9980854237,0.5
4.57,0.4363843395,0.9979744725,0.5
4.58,0.4345566773,0.997856288,0.5
4.59,0.4326643745,0.9977303812,0.5
4.6,0.4307052407,0.9975962291,0.5
4.61,0.4286770107,0.9974532727,0.5
4.62,0.4265773419,0.9973009141,0.5
4.63,0.4244038121,0.9971385141,0.5
4.64,0.4221539175,0.9969653893,0.5
4.65,0.4198250697,0.9967808087,0.5
4.66,0.4174145937,0.9965839908,0.5
4.67,0.4149197249,0.9963740998,0.5
4.68,0.4123376073,0.9961502421,0.5
4.69,0.40966529,0.995911462,0.5
4.7,0.4068997256,0.9956567375,0.5
4.71,0.4040377667,0.9953849757,0.5
4.72,0.4010761636,0.9950950078,0.5
4.73,0.398011562,0.9947855842,0.5
4.74,0.3948404998,0.9944553683,0.5
4.75,0.3915594047,0.9941029309,0.5
4.76,0.3881645916,0.9937267438,0.5
4.77,0.3846522601,0.9933251728,0.5
4.78,0.3810184918,0.9928964703,0.5
4.79,0.3772592481,0.9924387678,0.5
4.8,0.3733703674,0.9919500674,0.5
4.81,0.3693475634,0.9914282328,0.5
4.82,0.3651864225,0.9908709802,0.5
4.83,0.3608824022,0.9902758676,0.5
4.84,0.3564308289,0.9896402847,0.5
4.85,0.3518268967,0.9889614408,0.5
4.86,0.3470656661,0.9882363531,0.5
4.87,0.3421420628,0.987461833,0.5
4.88,0.3370508771,0.986634473,0.5
4.89,0.3317867637,0.9857506313,0.5
4.9,0.3263442421,0.9848064164,0.5
4.91,0.320717697,0.9837976702,0.5
4.92,0.3149013798,0.9827199503,0.5
4.93,0.3088894106,0.9815685114,0.5
4.94,0.3026757812,0.9803382848,0.5
4.95,0.2962543581,0.9790238574,0.5
4.96,0.2896188878,0.9776194493,0.5
4.97,0.282763002,0.9761188896,0.5
4.98,0.2756802246,0.9745155917,0.5
4.99,0.2683639802,0.9728025259,0.5
5,0.2608076034,0.9709721919,0.5
5.01,0.2530043506,0.9690165887,0.5
5.02,0.2449474132,0.9669271834,0.5
5.03,0.2366299328,0.964694878,0.5
5.04,0.2280450193,0.9623099752,0.5
5.05,0.2191857709,0.9597621417,0.5
5.06,0.2100452973,0.9570403703,0.5
5.07,0.2006167459,0.95413294,0.5
5.08,0.1908933316,0.9510273748,0.5
5.09,0.1808683701,0.9477104003,0.5
5.1,0.1705353155,0.9441678991,0.5
5.11,0.1598878031,0.9403848646,0.5
5.12,0.148919696,0.936345353,0.5
5.13,0.1376251382,0.9320324348,0.5
5.14,0.1259986133,0.9274281443,0.5
5.15,0.11403501,0.9225134289,0.5
5.16,0.1017296942,0.917268098,0.5
5.17,0.08907858959,0.9116707709,0.5
5.18,0.07607826576,0.9056988259,0.5
5.19,0.06272603605,0.8993283496,0.5
5.2,0.04902006477,0.8925340879,0.5
5.21,0.03495948495,0.8852893987,0.5
5.22,0.02054452731,0.8775662082,0.5
5.23,0.00577666108,0.8693349707,0.5
5.24,-0.00934125235,0.8605646336,0.5
5.25,-0.02480479257,0.8512226088,0.5
5.26,-0.04060779904,0.8412747516,0.5
5.27,-0.05674217533,0.8306853497,0.5
5.28,-0.07319767798,0.8194171233,0.5
5.29,-0.08996168961,0.8074312384,0.5
5.3,-0.1070189759,0.7946873366,0.5
5.31,-0.1243514262,0.7811435825,0.5
5.32,-0.1419377782,0.7667567339,0.5
5.33,-0.1597533258,0.7514822347,0.5
5.34,-0.1777696132,0.7352743375,0.5
5.35,-0.1959541131,0.718086257,0.5
5.36,-0.214269893,0.6998703595,0.5
5.37,-0.2326752708,0.680578392,0.5
5.38,-0.2511234618,0.6601617569,0.5
5.39,-0.2695622216,0.638571834,0.5
5.4,-0.2879334879,0.6157603583,0.5
5.41,-0.3061730271,0.5916798548,0.5
5.42,-0.3242100919,0.5662841377,0.5
5.43,-0.3419670967,0.5395288764,0.5
5.44,-0.359359319,0.5113722336,0.5
5.45,-0.3762946382,0.4817755781,0.5
5.46,-0.3926733202,0.4507042758,0.5
5.47,-0.4083878628,0.4181285589,0.5
5.48,-0.4233229143,0.3840244748,0.5
5.49,-0.437355281,0.3483749114,0.5
5.5,-0.4503540392,0.3111706971,0.5
5.51,-0.4621807694,0.2724117664,0.5
5.52,-0.4726899292,0.2321083836,0.5
5.53,-0.4817293941,0.1902824132,0.5
5.54,-0.4891411558,0.1469686152,0.5
5.55,-0.4947622325,0.1022159518,0.5
5.56,-0.4984257799,0.0560888766,0.5
5.57,-0.4999624272,0.008668578363,0.5
5.58,-0.4992018455,-0.03994586249,0.5
5.59,-0.4959745551,-0.08963640781,0.5
5.6,-0.4901139731,-0.1402651785,0.5
5.61,-0.4814586912,-0.1916737789,0.5
5.62,-0.4698549722,-0.2436828533,0.5
5.63,-0.4551594408,-0.2960919495,0.5
5.64,-0.4372419373,-0.3486797256,0.5
5.65,-0.4159884881,-0.4012045484,0.5
5.66,-0.3913043436,-0.4534055217,0.5
5.67,-0.3631170153,-0.5050039782,0.5
5.68,-0.3313792415,-0.5557054586,0.5
5.69,-0.2960717991,-0.6052021899,0.5
5.7,-0.2572060726,-0.6531760586,0.5
5.71,-0.2148262908,-0.6993020621,0.5
5.72,-0.169011337,-0.7432521987,0.5
5.73,-0.1198760469,-0.7846997429,0.5
5.74,-0.06757190973,-0.8233238289,0.5
5.75,-0.01228710639,-0.8588142527,0.5
5.76,0.04575417097,-0.8908763813,0.5
5.77,0.106293151,-0.9192360508,0.5
5.78,0.1690386782,-0.9436443204,0.5
5.79,0.2336701553,-0.9638819502,0.5
5.8,0.2998411947,-0.9797634677,0.5
5.81,0.3671839081,-0.9911406993,0.5
5.82,0.4353137461,-0.9979056511,0.5
5.83,0.5038347699,-0.9999926472,0.5
5.84,0.5723452255,-0.9973796511,0.5
5.85,0.6404432746,-0.9900887266,0.5
5.86,0.7077327305,-0.9781856228,0.5
5.87,0.7738286474,-0.9617784942,0.5
5.88,0.8383626178,-0.9410158016,0.5
5.89,0.9009876432,-0.9160834624,0.5
5.9,0.9613824636,-0.8872013426,0.5
5.91,1.019255251,-0.8546192042,0.5
5.92,1.074346597,-0.8186122322,0.5
5.93,1.12643175,-0.7794762745,0.5
5.94,1.175322092,-0.7375229298,0.5
5.95,1.220865853,-0.6930746152,0.5
5.96,1.262948105,-0.6464597348,0.5
5.97,1.301490087,-0.5980080609,0.5
5.98,1.336447919,-0.5480464207,0.5
5.99,1.367810804,-0.4968947662,0.5
6,1.395598791,-0.4448626825,0.5
6.01,1.419860196,-0.3922463763,0.5
6.02,1.440668781,-0.3393261619,0.5
6.03,1.458120766,-0.2863644508,0.5
6.04,1.472331766,-0.2336042328,0.5
6.05,1.483433731,-0.1812680261,0.5
6.06,1.491571942,-0.1295572636,0.5
6.07,1.496902127,-0.07865207461,0.5
6.08,1.499587742,-0.02871141801,0.5
6.09,1.499797442,0.02012648673,0.5
6.1,1.497702772,0.06774347489,0.5
6.11,1.493476102,0.1140404923,0.5
6.12,1.487288792,0.1589365929,0.5
6.13,1.479309603,0.2023677386,0.5
6.14,1.469703344,0.2442855404,0.5
6.15,1.458629745,0.2846559523,0.5
6.16,1.446242546,0.3234579472,0.5
6.17,1.432688774,0.3606822016,0.5
6.18,1.418108208,0.3963298091,0.5
6.19,1.402633003,0.4304110389,0.5
6.2,1.38638745,0.4629441532,0.5
6.21,1.369487871,0.4939542925,0.5
6.22,1.35204261,0.5234724353,0.5
6.23,1.334152123,0.5515344368,0.5
6.24,1.315909135,0.5781801474,0.5
6.25,1.297398862,0.6034526123,0.5
6.26,1.278699278,0.6273973492,0.5
6.27,1.259881427,0.6500617028,0.5
6.28,1.241009745,0.6714942723,0.5
6.29,1.22214242,0.6917444077,0.5
6.3,1.203331746,0.7108617695,0.5
6.31,1.184624492,0.7288959494,0.5
6.32,1.166062265,0.7458961448,0.5
6.33,1.147681871,0.7619108832,0.5
6.34,1.129515664,0.7769877922,0.5
6.35,1.111591887,0.7911734097,0.5
6.36,1.093934999,0.8045130308,0.5
6.37,1.076565989,0.8170505865,0.5
6.38,1.059502666,0.8288285506,0.5
6.39,1.042759949,0.8398878723,0.5
6.4,1.026350119,0.8502679297,0.5
6.41,1.010283075,0.860006502,0.5
6.42,0.9945665592,0.8691397577,0.5
6.43,0.9792063726,0.8777022573,0.5
6.44,0.9642065729,0.8857269656,0.5
6.45,0.9495696581,0.8932452757,0.5
6.46,0.9352967351,0.9002870389,0.5
6.47,0.9213876754,0.9068806024,0.5
6.48,0.9078412571,0.9130528512,0.5
6.49,0.8946552952,0.918829254,0.5
6.5,0.8818267603,0.9242339126,0.5
6.51,0.8693518871,0.9292896123,0.5
6.52,0.8572262722,0.9340178748,0.5
6.53,0.8454449636,0.9384390109,0.5
6.54,0.834002541,0.9425721737,0.5
6.55,0.8228931888,0.9464354117,0.5
6.56,0.8121107616,0.9500457213,0.5
6.57,0.801648843,0.9534190975,0.5
6.58,0.7915007983,0.9565705853,0.5
6.59,0.7816598222,0.9595143274,0.5
6.6,0.7721189808,0.9622636127,0.5
6.61,0.7628712489,0.9648309212,0.5
6.62,0.7539095436,0.9672279688,0.5
6.63,0.7452267539,0.9694657493,0.5
6.64,0.7368157664,0.9715545753,0.5
6.65,0.7286694885,0.9735041166,0.5
6.66,0.7207808682,0.9753234377,0.5
6.67,0.7131429117,0.9770210331,0.5
6.68,0.7057486983,0.9786048606,0.5
6.69,0.6985913939,0.9800823732,0.5
6.7,0.6916642617,0.9814605498,0.5
6.71,0.6849606717,0.9827459234,0.5
6.72,0.6784741091,0.9839446084,0.5
6.73,0.6721981803,0.9850623263,0.5
6.74,0.6661266188,0.9861044298,0.5
6.75,0.6602532892,0.9870759258,0.5
6.76,0.6545721907,0.9879814967,0.5
6.77,0.6490774596,0.988825521,0.5
6.78,0.6437633708,0.9896120923,0.5
6.79,0.6386243395,0.9903450371,0.5
6.8,0.6336549209,0.9910279321,0.5
6.81,0.6288498108,0.9916641197,0.5
6.82,0.6242038449,0.9922567233,0.5
6.83,0.6197119979,0.9928086611,0.5
6.84,0.6153693824,0.9933226594,0.5
6.85,0.6111712473,0.9938012647,0.5
6.86,0.6071129762,0.9942468558,0.5
6.87,0.6031900852,0.9946616542,0.5
6.88,0.599398221,0.9950477344,0.5
6.89,0.5957331586,0.9954070335,0.5
6.9,0.5921907986,0.9957413603,0.5
6.91,0.588767165,0.9960524035,0.5
6.92,0.5854584023,0.9963417393,0.5
6.93,0.5822607733,0.9966108394,0.5
6.94,0.5791706559,0.9968610772,0.5
6.95,0.5761845405,0.9970937347,0.5
6.96,0.5732990275,0.9973100083,0.5
6.97,0.5705108242,0.9975110143,0.5
6.98,0.5678167422,0.9976977947,0.5
6.99,0.5652136949,0.9978713214,0.5
7,0.5626986941,0.9980325014,0.5
7.01,0.5602688481,0.9981821807,0.5
7.02,0.5579213586,0.9983211488,0.5
7.03,0.555653518,0.9984501419,0.5
7.04,0.5534627072,0.9985698468,0.5
7.05,0.5513463925,0.998680904,0.5
7.06,0.5493021237,0.9987839109,0.5
7.07,0.5473275314,0.9988794245,0.5
7.08,0.5454203245,0.9989679645,0.5
7.09,0.5435782878,0.9990500152,0.5
7.1,0.5417992802,0.9991260282,0.5
7.11,0.540081232,0.9991964246,0.5
7.12,0.5384221427,0.9992615969,0.5
7.13,0.5368200794,0.999321911,0.5
7.14,0.5352731741,0.999377708,0.5
7.15,0.5337796221,0.9994293057,0.5
7.16,0.53233768,0.9994770005,0.5
7.17,0.5309456635,0.9995210683,0.5
7.18,0.5296019461,0.9995617664,0.5
7.19,0.5283049567,0.9995993344,0.5
7.2,0.5270531785,0.9996339958,0.5
7.21,0.5258451466,0.9996659584,0.5
7.22,0.5246794471,0.9996954161,0.5
7.23,0.5235547151,0.9997225492,0.5
7.24,0.522469633,0.9997475259,0.5
7.25,0.5214229295,0.9997705027,0.5
7.26,0.5204133778,0.9997916253,0.5
7.27,0.5194397945,0.9998110293,0.5
7.28,0.5185010379,0.9998288412,0.5
7.29,0.517596007,0.9998451783,0.5
7.3,0.51672364,0.9998601502,0.5
7.31,0.5158829134,0.9998738586,0.5
7.32,0.5150728406,0.9998863983,0.5
7.33,0.5142924706,0.9998978574,0.5
7.34,0.5135408874,0.999908318,0.5
7.35,0.5128172085,0.9999178562,0.5
7.36,0.5121205842,0.999926543,0.5
7.37,0.5114501963,0.9999344444,0.5
7.38,0.5108052574,0.9999416215,0.5
7.39,0.5101850099,0.9999481314,0.5
7.4,0.5095887251,0.9999540271,0.5
7.41,0.5090157024,0.9999593577,0.5
7.42,0.5084652686,0.999964169,0.5
7.43,0.5079367768,0.9999685033,0.5
7.44,0.5074296059,0.9999724001,0.5
7.45,0.5069431599,0.999975896,0.5
7.46,0.506476867,0.9999790249,0.5
7.47,0.5060301791,0.9999818183,0.5
7.48,0.5056025712,0.9999843055,0.5
7.49,0.5051935405,0.9999865135,0.5
7.5,0.5048026062,0.9999884674,0.5
7.51,0.5044293088,0.9999901906,0.5
7.52,0.5040732093,0.9999917044,0.5
7.53,0.5037338891,0.999993029,0.5
7.54,0.5034109491,0.9999941827,0.5
7.55,0.5031040097,0.9999951825,0.5
7.56,0.5028127099,0.9999960443,0.5
7.57,0.5025367073,0.9999967826,0.5
7.58,0.5022756772,0.9999974106,0.5
7.59,0.5020293127,0.999997941,0.5
7.6,0.5017973241,0.9999983848,0.5
7.61,0.5015794385,0.9999987527,0.5
7.62,0.5013753998,0.9999990541,0.5
7.63,0.501184968,0.9999992979,0.5
7.64,0.5010079191,0.999999492,0.5
7.65,0.5008440449,0.9999996438,0.5
7.66,0.5006931527,0.9999997598,0.5
7.67,0.5005550649,0.999999846,0.5
7.68,0.5004296193,0.9999999077,0.5
7.69,0.5003166682,0.9999999499,0.5
7.7,0.5002160789,0.9999999767,0.5
7.71,0.500127733,0.9999999918,0.5
7.72,0.5000515266,0.9999999987,0.5
7.73,0.4999873701,0.9999999999,0.5
7.74,0.499935188,0.9999999979,0.5
7.75,0.499894919,0.9999999945,0.5
7.76,0.4998665156,0.9999999911,0.5
7.77,0.4998499446,0.9999999887,0.5
7.78,0.4998451863,0.999999988,0.5
7.79,0.4998522353,0.9999999891,0.5
7.8,0.4998710997,0.9999999917,0.5
7.81,0.4999018018,0.9999999952,0.5
7.82,0.4999443777,0.9999999985,0.5
7.83,0.4999988774,1,0.5
7.84,0.5000653651,0.9999999979,0.5
7.85,0.500143919,0.9999999896,0.5
7.86,0.5002346314,0.9999999725,0.5
7.87,0.5003376091,0.999999943,0.5
7.88,0.5004529731,0.9999998974,0.5
7.89,0.5005808592,0.9999998313,0.5
7.9,0.5007214177,0.9999997398,0.5
7.91,0.5008748139,0.9999996174,0.5
7.92,0.5010412283,0.9999994579,0.5
7.93,0.5012208566,0.9999992548,0.5
7.94,0.50141391,0.9999990004,0.5
7.95,0.5016206155,0.9999986868,0.5
7.96,0.5018412164,0.999998305,0.5
7.97,0.5020759719,0.9999978452,0.5
7.98,0.5023251581,0.9999972968,0.5
7.99,0.5025890682,0.9999966484,0.5
8,0.5028680124,0.9999958872,0.5
8.01,0.5031623187,0.9999949999,0.5
8.02,0.5034723332,0.9999939714,0.5
8.03,0.5037984205,0.999992786,0.5
8.04,0.5041409639,0.9999914262,0.5
8.05,0.5045003663,0.9999898733,0.5
8.06,0.5048770501,0.9999881071,0.5
8.07,0.5052714583,0.9999861058,0.5
8.08,0.5056840545,0.9999838456,0.5
8.09,0.5061153238,0.9999813012,0.5
8.1,0.5065657731,0.9999784451,0.5
8.11,0.5070359319,0.9999752475,0.5
8.12,0.5075263529,0.9999716766,0.5
8.13,0.5080376124,0.9999676979,0.5
8.14,0.5085703114,0.9999632742,0.5
8.15,0.5091250759,0.9999583656,0.5
8.16,0.5097025576,0.9999529291,0.5
8.17,0.5103034353,0.9999469182,0.5
8.18,0.5109284149,0.9999402831,0.5
8.19,0.5115782305,0.99993297,0.5
8.2,0.5122536455,0.9999249213,0.5
8.21,0.5129554531,0.9999160746,0.5
8.22,0.5136844777,0.9999063632,0.5
8.23,0.5144415752,0.999895715,0.5
8.24,0.5152276345,0.9998840529,0.5
8.25,0.5160435785,0.9998712935,0.5
8.26,0.5168903647,0.9998573476,0.5
8.27,0.5177689869,0.9998421191,0.5
8.28,0.518680476,0.9998255047,0.5
8.29,0.5196259013,0.9998073935,0.5
8.3,0.5206063715,0.9997876662,0.5
8.31,0.5216230364,0.9997661948,0.5
8.32,0.5226770877,0.9997428418,0.5
8.33,0.5237697606,0.9997174593,0.5
8.34,0.5249023355,0.9996898888,0.5
8.35,0.5260761388,0.9996599597,0.5
8.36,0.5272925448,0.9996274891,0.5
8.37,0.5285529775,0.9995922806,0.5
8.38,0.5298589113,0.9995541233,0.5
8.39,0.5312118737,0.9995127908,0.5
8.4,0.5326134463,0.9994680401,0.5
8.41,0.5340652667,0.9994196104,0.5
8.42,0.5355690305,0.9993672218,0.5
8.43,0.5371264928,0.9993105741,0.5
8.44,0.5387394705,0.999249345,0.5
8.45,0.5404098439,0.9991831887,0.5
8.46,0.5421395591,0.9991117343,0.5
8.47,0.5439306297,0.9990345839,0.5
8.48,0.545785139,0.9989513106,0.5
8.49,0.5477052425,0.9988614568,0.5
8.5,0.5496931697,0.9987645312,0.5
8.51,0.5517512269,0.9986600075,0.5
8.52,0.5538817989,0.9985473207,0.5
8.53,0.556087352,0.9984258655,0.5
8.54,0.5583704361,0.9982949926,0.5
8.55,0.5607336874,0.9981540058,0.5
8.56,0.5631798308,0.9980021588,0.5
8.57,0.5657116826,0.9978386517,0.5
8.58,0.5683321531,0.9976626268,0.5
8.59,0.5710442491,0.9974731649,0.5
8.6,0.5738510769,0.9972692808,0.5
8.61,0.576755845,0.9970499186,0.5
8.62,0.5797618665,0.9968139469,0.5
8.63,0.5828725621,0.996560153,0.5
8.64,0.5860914631,0.9962872377,0.5
8.65,0.5894222136,0.9959938091,0.5
8.66,0.5928685737,0.9956783758,0.5
8.67,0.596434422,0.9953393403,0.5
8.68,0.6001237582,0.9949749912,0.5
8.69,0.6039407059,0.9945834956,0.5
8.7,0.6078895148,0.9941628904,0.5
8.71,0.6119745634,0.9937110733,0.5
8.72,0.616200361,0.9932257931,0.5
8.73,0.6205715501,0.9927046395,0.5
8.74,0.6250929082,0.9921450319,0.5
8.75,0.6297693491,0.9915442078,0.5
8.76,0.6346059251,0.9908992103,0.5
8.77,0.6396078277,0.9902068746,0.5
8.78,0.6447803883,0.989463814,0.5
8.79,0.6501290787,0.9886664047,0.5
8.8,0.6556595111,0.9878107696,0.5
8.81,0.6613774377,0.9868927615,0.5
8.82,0.6672887487,0.9859079443,0.5
8.83,0.6733994715,0.9848515742,0.5
8.84,0.679715767,0.9837185792,0.5
8.85,0.6862439269,0.9825035367,0.5
8.86,0.6929903687,0.981200651,0.5
8.87,0.6999616301,0.9798037286,0.5
8.88,0.7071643625,0.9783061519,0.5
8.89,0.7146053222,0.9767008527,0.5
8.9,0.7222913613,0.9749802822,0.5
8.91,0.7302294157,0.9731363811,0.5
8.92,0.7384264915,0.971160547,0.5
8.93,0.7468896503,0.969043601,0.5
8.94,0.7556259903,0.9667757512,0.5
8.95,0.7646426262,0.9643465562,0.5
8.96,0.7739466659,0.9617448852,0.5
8.97,0.7835451833,0.9589588776,0.5
8.98,0.7934451888,0.9559758999,0.5
8.99,0.8036535943,0.9527825012,0.5
9,0.8141771756,0.9493643675,0.5
9.01,0.8250225288,0.9457062735,0.5
9.02,0.836196022,0.9417920337,0.5
9.03,0.8477037415,0.9376044519,0.5
9.04,0.8595514316,0.9331252692,0.5
9.05,0.8717444276,0.9283351122,0.5
9.06,0.8842875817,0.9232134393,0.5
9.07,0.8971851807,0.9177384879,0.5
9.08,0.9104408552,0.9118872213,0.5
9.09,0.9240574795,0.9056352765,0.5
9.1,0.9380370613,0.8989569138,0.5
9.11,0.9523806212,0.891824968,0.5
9.12,0.9670880594,0.8842108034,0.5
9.13,0.9821580116,0.8760842721,0.5
9.14,0.9975876911,0.8674136785,0.5
9.15,1.013372717,0.8581657497,0.5
9.16,1.029506927,0.848305614,0.5
9.17,1.045982178,0.8377967901,0.5
9.18,1.062788128,0.8266011874,0.5
9.19,1.079912003,0.8146791203,0.5
9.2,1.097338346,0.8019893396,0.5
9.21,1.115048751,0.7884890826,0.5
9.22,1.133021583,0.7741341458,0.5
9.23,1.151231671,0.7588789825,0.5
9.24,1.169650002,0.7426768305,0.5
9.25,1.188243385,0.7254798713,0.5
9.26,1.206974109,0.7072394284,0.5
9.27,1.225799596,0.6879062049,0.5
9.28,1.244672033,0.6674305687,0.5
9.29,1.263538011,0.6457628872,0.5
9.3,1.282338158,0.6228539209,0.5
9.31,1.301006782,0.598655272,0.5
9.32,1.319471523,0.5731199034,0.5
9.33,1.337653021,0.5462027239,0.5
9.34,1.355464626,0.5178612495,0.5
9.35,1.372812127,0.4880563397,0.5
9.36,1.38959355,0.4567530138,0.5
9.37,1.405699007,0.4239213482,0.5
9.38,1.421010626,0.3895374531,0.5
9.39,1.435402578,0.3535845274,0.5
9.4,1.448741207,0.3160539873,0.5
9.41,1.460885293,0.2769466617,0.5
9.42,1.47168646,0.2362740424,0.5
9.43,1.480989745,0.1940595787,0.5
9.44,1.488634354,0.1503399957,0.5
9.45,1.494454616,0.1051666171,0.5
9.46,1.498281152,0.05860666426,0.5
9.47,1.499942276,0.01074450361,0.5
9.48,1.499265627,-0.03831719563,0.5
9.49,1.496080047,-0.08845642923,0.5
9.5,1.490217704,-0.1395309969,0.5
9.51,1.481516437,-0.1913778582,0.5
9.52,1.469822325,-0.2438127509,0.5
9.53,1.454992445,-0.2966301229,0.5
9.54,1.436897778,-0.3496034233,0.5
9.55,1.41542623,-0.4024857982,0.5
9.56,1.3904857,-0.4550112291,0.5
9.57,1.362007133,-0.5068961456,0.5
9.58,1.329947482,-0.5578415335,0.5
9.59,1.294292491,-0.6075355452,0.5
9.6,1.255059211,-0.6556566078,0.5
9.61,1.212298163,-0.7018770023,0.5
9.62,1.166095043,-0.7458668736,0.5
9.63,1.116571893,-0.7872986099,0.5
9.64,1.063887651,-0.82585151,0.5
9.65,1.008238027,-0.8612166439,0.5
9.66,0.9498546337,-0.8931017907,0.5
9.67,0.8890033676,-0.9212363323,0.5
9.68,0.8259820234,-0.9453759678,0.5
9.69,0.7611171639,-0.9653071152,0.5
9.7,0.6947602979,-0.9808508686,0.5
9.71,0.6272834377,-0.9918663854,0.5
9.72,0.559074135,-0.9982535983,0.5
9.73,0.4905301169,-0.9999551597,0.5
9.74,0.4220536561,-0.9969575555,0.5
9.75,0.3540458239,-0.9892913517,0.5
9.76,0.2869007782,-0.9770305633,0.5
9.77,0.2210002371,-0.9602911706,0.5
9.78,0.1567082804,-0.9392288301,0.5
9.79,0.09436660971,-0.9140358596,0.5
9.8,0.03429037472,-0.8849375938,0.5
9.81,-0.02323534398,-0.8521882273,0.5
9.82,-0.07795833535,-0.8160662734,0.5
9.83,-0.129661305,-0.7768697709,0.5
9.84,-0.1781631597,-0.7349113748,0.5
9.85,-0.2233195455,-0.6905134576,0.5
9.86,-0.2650226758,-0.6440033428,0.5
9.87,-0.3032005087,-0.5957087735,0.5
9.88,-0.3378153433,-0.5459537073,0.5
9.89,-0.3688619194,-0.4950545072,0.5
9.9,-0.3963651094,-0.4433165807,0.5
9.91,-0.4203772947,-0.3910315018,0.5
9.92,-0.4409755178,-0.3384746297,0.5
9.93,-0.4582584962,-0.2859032257,0.5
9.94,-0.4723435798,-0.2335550529,0.5
9.95,-0.4833637218,-0.1816474349,0.5
9.96,-0.4914645262,-0.130376736,0.5
9.97,-0.4968014232,-0.07991822507,0.5
9.98,-0.4995370138,-0.03042627419,0.5
9.99,-0.4998386136,0.01796515269,0.5
10,-0.4978760192,0.06514177111,0.5
