4 122.4378221735089 170.57110616067217 20.062177826491066 20.748711305964285 200.99999999999997 7.0 1 142.5 191.31981746663647 221.06217782649108 27.748711305964303 323.43782217350895 177.57110616067223 2 134.56217782649105 219.06852877260076 315.5 205.31981746663652 236.93782217350883 368.89092362730867 3 437.9378221735089 375.8909236273088 256.9999999999999 389.63963493327293 335.56217782649105 226.06852877260076 
4 140.22035663803024 180.58920778907395 21.033027396454386 19.620840257675834 200.94644604465034 7.075331990396154 1 162.2162591318727 199.19301421669888 223.88355941650119 28.53347321520205 340.8451583991672 167.26908316234923 2 157.09647117932684 227.58285401254236 335.73312308435356 195.70072646124993 274.02527495037623 366.3457011190565 3 474.70001600665864 353.10019314077505 296.0616973130875 384.97268867071 357.77844860781164 214.33105224780562 
4 159.7939590236146 188.96275887191487 22.047192924359983 18.47652087967249 200.9470748016613 7.080799734140581 1 183.6329819345879 205.13764412903544 226.91796205309112 28.91634746539804 357.8873856239245 154.5133020030352 2 181.54241129332385 233.90963534059844 355.80891030496167 183.32593508252785 312.4821812853776 359.5370594484713 3 510.6330609050732 325.15633796030284 336.36390022568145 375.73068495740563 379.6997872249579 199.52192706856576 
4 180.97092434071442 195.42616091747698 23.036869411845363 17.23131731346733 200.94829678312715 7.086289380462303 1 206.44339029181543 208.8829794153595 230.09814671239494 28.971925189055064 374.07815267302396 139.41350490395257 2 207.52778780529354 237.7104924314354 375.17898053006945 168.2799449385695 351.4817620751627 348.18549658390873 3 544.6534915829867 292.2346127674433 376.9986497721736 361.65621624572753 400.70516770912775 181.75200159024158 
4 203.7631186654828 199.65629782455426 23.998716188933635 15.871459192487187 200.95019161363376 7.091772632523247 1 230.6148491908027 210.09302280900965 233.4129960734526 28.655139848231485 389.1436298971841 121.79779393643672 2 235.00884507747466 238.60439757589137 393.5583342855977 150.34578472975915 390.7175631296898 331.78308944487253 3 576.1690247408233 253.97826741001353 417.6149200628537 342.2284855066508 420.46500432307164 160.79143734778796 
4 204.1582493439791 199.48191507858147 24.072167328273288 15.991943906165805 201.00779056007914 6.9209330617849485 1 232.8726416363232 212.22048318098845 233.44841194626207 28.388343756723273 398.76523265931667 141.46753145616648 2 234.4458341098684 241.0446474725165 400.9567739934815 168.9223472883217 380.1612297227981 349.18610087599933 3 572.4163953067984 290.0975573406601 405.9109196405134 362.23260211262834 426.69293098274557 181.96716528355176 
4 204.17386809073065 199.47687259241349 24.07720533100742 15.997221576338083 201.01230911757443 6.916093839097621 1 234.4245243889245 214.85804240765526 233.4538079662604 28.3813873725156 406.1335132850326 163.36871243291077 2 232.9440006797012 243.68708209699722 406.14220412257185 189.5585168379688 366.420006197325 366.6167629639516 3 563.8415017574148 328.16868994376733 390.6473697923575 382.31045514485277 430.3563399157141 205.24911713769947 
4 204.1871202675806 199.47300566491683 24.081633194669244 16.001954457446423 201.0163032391292 6.912397425317316 1 235.72952397369946 217.75858542665998 233.45846387263921 28.37616846985991 411.2200820702942 186.79812485677076 2 231.09057817894228 246.25035204132072 409.18727436412 211.47843702514308 350.2524863546544 383.10059862979847 3 550.7030184556044 366.5756789558788 372.608906663028 401.36109791527986 431.53094693093624 229.73443068073612 
4 204.19990214267287 199.46961021807923 24.086068306647565 16.006689680313308 201.0203278764544 6.909162979915333 1 236.7440767626075 220.92846085476995 233.46308977789397 28.371727102402627 413.6739321248541 211.7192490166541 2 228.85889193498744 248.69749439213194 409.77301653686834 234.64050914387266 331.4898635697214 398.34519341706863 3 532.5107156756644 404.9852532337675 351.5975992912707 419.05587053120286 429.8686781536735 255.34527844311708 
4 185.64504270350074 216.65675663915823 22.624369344300653 18.082576096837187 201.04942733062651 6.891864429618723 1 215.9893328659691 238.38210767631864 231.29473463200975 28.60949179479496 394.40948668123053 227.1051304428623 2 208.11117389303968 266.1550708254221 389.0241794785348 252.08352118107678 310.75423854804137 415.79451013844994 3 511.7767842394061 422.42221568448844 330.8645818852026 436.504713453878 409.1249004946124 272.788982790624 
4 165.15813065555827 232.33134922828538 20.935861268310852 20.024948992076 201.05195813166844 6.89363471847084 1 193.38454134197443 254.15297994955412 229.1913315300791 28.700922044710897 373.4958379972098 240.9502899489202 2 185.50476483890537 281.92648270046266 366.4189500874899 267.87011434826326 288.1352799924498 431.574539902806 3 489.15745102384574 438.22000422757026 308.244033821158 452.28688710593826 386.51847803073224 288.5779103056737 
4 142.8438228286008 246.30263650816315 19.04657142624624 21.838988379102247 201.0541603842225 6.89567399956578 1 169.03120678044291 268.06973304391295 227.1648341775154 28.64360450993276 351.0341796851738 253.06642793581548 2 161.15021216976623 295.8438361291174 342.065335806709 281.79955731041235 263.77073282309993 445.49875676459965 3 464.7925576684026 452.158662290522 283.87816038096753 466.2129295911648 362.16401513850883 302.50940963100675 
4 118.72097773954079 258.3817514104657 16.952478503527733 23.508772924177936 201.05601954529766 6.897989727898263 1 142.92879017378453 279.9570261842644 225.1962137592128 28.45058271591978 327.0279471123133 263.2951783574189 2 135.04679680136638 307.7317327138852 315.9627059411447 293.697583064677 237.65894219399175 457.3924045745568 3 438.68040321873167 464.06469449424236 257.76517187379505 478.1082102524264 336.06074968566463 314.4093408694547 
4 95.21278266836995 247.06379303963777 15.303953247210487 24.61842366716202 201.05700393571595 6.913489131909924 1 117.31417028967681 270.79518283542376 222.56388285812812 27.99320474135027 302.16680591549147 271.27275846586207 2 106.89121861863329 297.7234359629267 288.32905369051406 300.52233983812596 195.18646993328576 456.2526806666896 3 394.7234230641843 481.533946940935 213.28539957919418 478.744007382664 306.42056912065823 323.00910673183364 
4 73.34621329727676 233.91261884862155 13.53851553790121 25.631412389390512 201.05642191704172 6.918415962421486 1 93.20426059687816 259.5506968004749 220.0409604865732 27.29490204604367 277.2517655100044 276.79137546376734 2 80.38203581545474 285.4227101240002 260.81828906209114 304.66538015291104 153.9357746359256 451.30646586193507 3 350.35756398784804 494.58030364778233 169.92030702103472 475.3465714066192 276.79582942884787 328.7002561148101 
4 53.10918824874932 219.1109407234145 11.63325850307095 26.549311914550778 201.05545579446962 6.923201938153722 1 70.60341657108722 246.41674924318403 217.63380457272945 26.388642640909495 252.38212676357264 279.9909305714367 2 55.526531601775716 271.04314492201576 233.52995382108222 306.2894709238236 114.00427782072227 442.8218577165981 3 305.78802339696296 503.4283262639139 127.78280073729603 468.190833661594 247.3019630860456 331.65260127007934 
4 34.498893229281784 202.78244331331214 9.555862687141737 27.363825418050915 201.05412828193687 6.927836034137177 1 49.52224420873806 231.52188567208754 215.34553291348487 25.28672948480996 227.6410112310492 280.96306290849054 2 32.336634755993494 254.72592705353108 206.54761542181663 305.5004878359637 75.47030794565241 430.98442826233054 3 261.17636806600825 508.23345087101626 86.962812577688 457.467544230429 218.03413660435768 331.9771976385806 
4 34.09955313156286 202.65037784565615 9.44191431680039 27.206683855672868 200.97295347177283 7.067134347903348 1 49.17844210819007 228.71564647498815 215.24420739889229 25.49762264192758 232.92410271293622 261.1978269760886 2 34.143149884574505 253.34523415456744 212.22081401040708 288.214581164055 92.9840329926756 424.9996680473024 3 284.86901914000765 485.22077467633744 106.79410120484762 450.33767764646575 226.04119542314282 313.56174435373674 
4 34.10946015413201 202.65438699654035 9.44494453648516 27.211621996610553 200.9752104254053 7.0646441387180055 1 49.13572230978102 226.10209285230295 215.24723458235428 25.494359877346103 236.98709611566713 241.09866865892081 2 36.39663748206778 251.99393821232334 216.9032183044697 270.5654262474121 110.56633726949285 417.6029647322754 3 307.12303136746186 460.1691868649369 126.61794126279416 441.58372856314224 232.96594530328503 294.5543864521786 
4 34.12198341315684 202.6590425639186 9.449006964749323 27.217426419395352 200.97832117392008 7.061301928348482 1 48.86580844644665 223.54996712202652 215.2514612762665 25.489934501702155 239.28461128177887 220.99562357086816 2 38.485715089967314 250.47437671353842 219.92920395723715 252.87983895202913 127.12405865824184 408.81179522906916 3 326.6928624275828 433.68560953064235 145.24961323531494 431.2660785819022 238.06658615330943 275.34130522114964 
4 34.134959945046944 202.6636349370651 9.453368341516345 27.223190369690688 200.98171428771474 7.057752722700347 1 48.37719734761877 221.06462919550964 215.25616904347666 25.48521724576468 239.90862207312244 200.94447297470288 2 40.407748723785325 248.7983039905598 221.35851323664014 235.22086940071972 142.6413273418673 398.7175806880928 3 343.625051104429 405.92559514319015 162.67328567467146 419.48897971305314 241.40289922776668 255.99838865688577 
4 58.6423438326982 198.02210845735343 12.4814575038315 25.90642010543461 200.94326795617837 7.07618741735306 1 74.33980730497635 217.16077226555794 216.68924258126472 26.25152231438726 262.80649152400963 198.37965526438705 2 66.35276876826647 244.88371172885394 247.3084486766001 231.3720945254033 168.53174912656584 394.84013217746883 3 369.51194749307996 402.1114960961902 188.5557273546457 415.61524462583986 267.33925489758064 252.15061914711754 
4 81.55894740667154 190.9245306174538 15.265115733451909 24.373023603970076 200.94451350540078 7.0793686165108785 1 98.70893357000018 210.7011431315321 218.15176742941318 26.893640972630333 284.393733800626 193.46656945108282 2 90.72036729317126 238.42448709237598 271.67699440703456 224.92557014734513 192.88882248346937 388.38808594890844 3 393.86830205885013 395.6751014643232 212.91106783491526 409.16522718647764 291.7068940629025 245.70653003482107 
4 102.7569492947114 181.68576522077765 17.767468549282164 22.61890501829574 200.9462809201716 7.08213526292374 1 121.3336787872691 201.99953010087143 219.5903984337945 27.434223819270343 304.5184204526959 186.53474725684458 2 113.34338536513286 229.7233184843234 294.301117615942 216.23923289839664 215.4995517757082 379.69529757773694 3 416.4783569148319 387.00016614604687 235.51996030870362 400.4746726050074 314.32988857168584 237.02277458685327 
4 122.2332843341816 170.59729581521083 19.99762180713605 20.68095087545493 200.9484889093512 7.084513369325735 1 142.21320069770005 191.35803765708525 221.00780711809915 27.883864842799507 323.1705094429397 177.8508526404829 2 134.22071478594233 219.08221404609841 315.1798289897862 205.61669559675616 236.36149822594734 369.06468049753767 3 437.3395945601856 376.39138862066034 256.37976810757806 389.84666900085006 335.2070559757701 226.40314282498184 
