4 121.39830946533282 169.8394295185871 18.933526923262562 20.618484219683076 200.10564602246183 7.600451631489925 1 141.36720978901096 189.51551476359535 219.82878648138245 27.964258611993166 322.2803864395733 177.6512260873195 2 132.8023768415296 217.83726887373922 314.3069080852523 205.64957092876455 236.00358867735852 366.9787316279743 3 436.39587426092174 376.98838953750277 256.33074429726275 388.80934180497945 335.76986546130433 227.0981992868527 
4 138.1223607281223 179.92470665295437 20.252933961555488 18.833479323476624 201.14786113859208 7.271713831437232 1 160.44339888311103 197.58457805481692 222.3829655620349 28.19755737669252 339.318692986297 167.10450747671263 2 155.4264156370903 226.30446552298895 334.5479180928336 195.41757665005937 270.89974101444204 365.78478642952473 3 471.460247330308 355.56540986487727 293.4938710327419 384.85827950422095 356.75662972765264 214.6464808696252 
4 153.51609439918718 187.40766990489723 21.27732674389115 17.073306888720115 200.7007512348978 6.948947072363611 1 178.22848172658377 202.25792793552006 224.59924932083172 28.483470575918375 353.045649938907 156.8141051182349 2 174.95956981796536 231.72851424773944 350.94523080362507 185.2266505116211 303.4431407344411 360.00681097020765 3 502.2800747044398 331.3676118528494 327.77258153704736 376.5012365667034 375.74909080439255 202.11723769798027 
4 179.12489198325636 195.06751578082802 21.745396628998243 15.728409765358174 200.60997387598775 6.9628153271626365 1 205.90320529726168 207.16850931597196 228.9622308143653 27.916723238440618 372.6710001916573 138.3619741572408 2 206.8181320001677 236.41110732969614 374.3621320273239 166.95428018912324 351.29291516560534 346.652877578672 3 544.2944353245567 291.90460231306815 377.9086952754187 359.673011732409 401.77115600682714 180.93306305685698 
4 198.3506154416506 198.5536438346894 23.195656820016364 14.58743415689373 201.68604228198691 7.418883635126046 1 225.6072521237898 208.36944035230493 231.29538131020863 28.247590785018925 385.9463151706895 123.72912590596675 2 230.1451856798252 237.58088156271552 389.8457285944137 152.4002972080304 383.59536906435824 332.60797174644006 3 571.706166236817 259.8229896702352 411.22000786965526 343.93488554123184 418.8952344161805 162.8615155049079 
4 204.93692220369684 198.71773285181632 22.415218843091687 14.265792741272247 200.43485955806918 6.735361508269114 1 234.88729555953074 210.39868092393544 231.37532044193074 26.82254027977247 398.50086194057764 136.0954924115944 2 237.28241826058283 239.12475659813134 401.69432329746047 163.43520929058985 386.50192012380575 343.43199740292215 3 576.3555971595595 281.78969114999353 412.66019535619427 355.8131628897194 429.17260191767645 175.81576961045405 
4 197.94113642466223 197.44646391883353 23.13901384468129 14.90534500598872 201.08528751002603 6.692970829573462 1 228.981245337264 211.85324670162925 230.95230152416565 27.017421486593353 400.4925878968377 160.44718985737504 2 227.9764934633525 241.04347826331613 400.60708620418734 186.68577747938906 362.1614497427249 363.4545232527324 3 559.6153177342316 325.24284891673085 386.937845043354 378.98020072273226 425.26447769057734 202.90838173625147 
4 205.721804485198 198.78236707977524 22.747184261539694 14.448543049328178 200.68492352842281 7.326332881952398 1 239.5822828774973 215.2923549954217 232.36734743096977 26.77269729576489 413.47801461942083 184.82297093709667 2 233.8734668251046 244.5881695775553 412.5098070901637 209.7066179772366 354.5038778643228 380.11251440070805 3 554.3024949917786 365.4214767620687 378.1979644875852 398.9418726229237 434.8983485037484 228.16564317298077 
4 197.19221880092238 197.77920888526802 22.405136693487258 15.41071342904648 200.7124465085981 6.872204361564109 1 230.00154999244253 217.32931901455294 230.3012018089059 27.495851371377558 407.3874139158434 204.42786064983866 2 222.61035869582636 245.73260665498748 403.52840989504415 228.13057792157315 328.19655165315834 392.8383082320135 3 530.3871272655417 396.7842384433435 350.22605977323747 413.5636445047545 424.70241770426196 248.66037937386528 
4 189.40382627595721 215.95996729292744 21.89748146488435 17.389975072534526 200.8461607499592 7.0156640633633485 1 222.1985490725632 236.41699638968896 229.7117165223683 27.508190530465168 400.64920615837417 227.75528677134827 2 214.04810405261057 264.275081702438 394.76152478809314 252.49080521223536 315.4458863149094 414.5297920130981 3 516.5220112968392 425.33595646605295 336.3275161234818 435.81260204190505 415.8151644322325 273.69751182294647 
4 155.42957724985388 232.1864660166717 18.82362986611469 19.774170617220385 200.78404713792085 6.88720526158637 1 183.7594670617761 252.0865207924344 226.4706455852614 27.243750248602627 364.770462595004 236.7203496904417 2 176.11305828227555 280.6535854935057 357.30500151584226 265.2303376172778 280.6416614848423 428.80673034757154 3 482.94192774949045 436.01398056031906 301.95767806335056 449.85275725565594 378.57514335153263 285.78675575322774 
4 148.1702254993373 246.4553918640731 18.0282795147646 21.189498360212994 200.89965181679412 6.9199290904663195 1 176.4989273692856 267.19039743944603 225.7033951207074 27.604994916770774 358.3921733208554 253.8946260933667 2 167.85032052571816 295.43228611721105 349.1802687673996 282.3093786886176 270.7095642912074 445.41813171112926 3 471.87496670362026 454.82085540731885 291.78161015072635 466.60734103394407 370.392411453502 303.4670422026239 
4 112.92125091087486 254.3636789533763 15.489457698402898 22.389857596052824 200.38205983604408 6.586191881800531 1 138.8381873378614 274.86091638828043 223.2110619840491 26.98765374256083 322.59617196786934 256.6388471840707 2 130.27229384224816 302.73571730436703 311.300713418503 288.08089021764 235.03476996629246 451.39556139667917 3 436.23655845744196 458.28637622121164 256.22714833521246 473.096352370871 332.44820506419813 309.0846091556141 
4 98.62059321441383 251.37888478895871 15.229565523919115 23.466126281529345 201.55857917669977 7.129865779675005 1 122.00962727403171 273.4057176889494 221.57700810729807 27.391338497856697 307.2422070067591 271.4198214037456 2 112.26222669834749 300.78579912881054 293.7018194629115 300.7758703117305 204.21042838973344 457.4946414883439 3 404.5878498020708 480.7999916618199 223.63328889343458 480.7909054932103 313.4194838621241 323.3477943836836 
4 69.70380254416328 229.64384872928656 13.08486335207773 25.283165818151563 200.21040242652575 6.9652398990375435 1 90.54915278361884 254.8221978764448 217.75104238256537 26.767690591907474 274.19703640527246 273.6461262831943 2 76.39985330791616 280.8710687680625 257.38656367248416 301.55009431540356 149.43232598026717 447.0692741999722 3 346.5046865326679 493.67522314904573 165.62586974167542 472.2809646413865 273.84704744539107 326.24916591148553 
4 51.74244213298286 222.07422982748324 11.358129604705532 25.5726626582305 201.078081322686 6.989634801981265 1 70.7165106981438 249.33230160090991 216.56705391805667 26.562338562924133 253.61806140379224 281.1765762121245 2 55.50926344968037 274.756401106811 234.6872482755728 308.27825911256537 115.89477835001344 445.4398461916022 3 309.33006206620297 506.6742895920967 130.4715268139096 472.07041518051176 248.85688711715156 334.4876719055435 
4 40.93527652069999 204.98187025250982 9.45064699182158 25.827147257780158 200.98674525766594 7.125095954255219 1 58.19359448293635 233.12718376746824 214.78054736737244 25.15810975625802 237.71756479713864 278.6841262529201 2 40.539994310092084 256.79064428141857 216.7061247865796 303.4624372275985 89.14645858456964 431.4805527675754 3 277.17371121912186 506.66290026296423 101.64272534673874 459.1592558470401 228.98376266056832 330.4820050718656 
4 26.34468268071129 202.1351345922259 8.565898231683823 26.13845037118672 200.80972603168075 6.761129821575355 1 42.19282623214455 228.79319479804275 213.15388059274756 26.197540231188658 224.76835698831496 265.95814094469426 2 25.344594074501003 252.84126483454514 202.9583364047466 292.74351317818224 80.0049904997176 425.8189612904409 3 269.99301209086804 493.9182576659747 92.9726535156975 452.5799647673006 216.43046103079288 319.0226614600803 
4 37.65045869924337 200.51147046830965 8.985176524469914 25.3906319623634 200.75016703356337 7.306546228089573 1 53.68694860935276 223.80738076488288 214.11791156885744 26.391903346410654 240.5729284258683 242.67890144432536 2 40.32183238014 250.20916657024304 220.60053303366837 271.2841945367796 112.72801000003265 416.1406195524211 3 309.42305359525534 463.9833795065786 128.9182626263409 441.8533156800701 238.1595101422457 295.69455274057316 
4 27.491786397978775 202.26897202896413 8.9412048915962 26.35577830619132 201.02271474750182 7.191692050130387 1 43.012022516836105 222.07717092942056 214.21463241538123 25.42199312397125 232.94842416161518 226.56408618472193 2 31.66211139625071 250.76833909240568 213.29654422662193 258.0141385912076 116.09869618174137 410.75729459692826 3 316.0926805669087 442.9123826702513 134.892322280135 434.69132619641914 231.8578415713387 281.3975571108088 
4 37.55437320270564 200.62346490260637 9.84904044125851 25.586909609817162 201.28043196079068 6.58832587398506 1 52.554389329669135 218.79154548833338 214.65264786242574 25.647896590995312 243.25321840328715 202.3721623861249 2 44.705477035780945 247.6181638214244 225.9804240696972 235.70895721879697 145.6324339803119 397.67336674067974 3 346.57776688012797 409.3210909642251 166.06243805875093 419.8535047679533 247.33806694737024 257.2176881969237 
4 52.307821087542116 197.48491776358904 11.106656596870167 25.18593923998376 200.644713822382 6.814302941752204 1 68.78502727756722 217.0650924371322 215.3876311733553 26.643066854592938 257.4326343614252 202.88742047005556 2 59.93964974820563 245.05914711573269 241.3136880898372 235.67222012882826 158.77967303072595 396.6328106837514 3 360.24754096519825 410.5175508566723 179.61351047798453 418.34586707530286 261.91390327220034 257.40850613682517 
4 82.94904184501112 188.53992306937394 14.57129647282651 23.084319163513044 200.66161929706797 7.109504082737866 1 100.93234217482228 206.84661959895888 217.1312058600936 26.89593328574077 286.89972796342033 192.52838661150835 2 93.44358852219936 236.4070842973429 274.97577638280205 223.07112817580486 195.84139052077612 385.52294114143024 3 397.0634657192568 395.5308710294205 216.28118655312977 407.37908491610557 295.3353278504753 243.94640983639084 
4 97.15349728358677 182.2353633472237 17.424882066933353 21.960089300335248 201.42389484042292 6.702181891737284 1 116.37692085315616 202.60137000010593 218.6320039356822 27.341759911164658 299.5349424712629 192.58511501758105 2 107.55634330382107 231.09180855222795 289.1057894158698 222.34472064910517 205.98570234821167 382.89061229354564 3 407.04148943737744 397.8275189417989 226.0951848951075 405.42668062251056 309.7851156532073 244.11289622905556 
4 120.58500588692698 170.05468319004834 18.452815156525954 20.312756790852497 200.59180485965686 7.092617670337203 1 140.93453068335634 189.6346007224422 219.77113057970448 27.619373326034328 321.1223374579576 177.42226886058296 2 132.40174104470321 217.97764348614 314.09681120196007 205.68508616908923 235.64668857073866 367.81168960859776 3 435.90181202914795 377.68715836901873 256.69498570484313 389.49305382132826 334.73824116902824 226.66021083526 
