4 112.98203593864582 197.04357853514293 -1.1588196022816604 -0.10101411206931142 228.0255391956215 0.47915717555203274 1 112.98203593864582 197.04357853514293 228.0255391956215 0.47915717555203274 343.16110582825286 199.0258695487666 2 112.98203593864582 197.04357853514293 343.16110582825286 199.0258695487666 228.08958205010492 395.1001025094814 3 456.2769029893345 397.91073875195445 228.08958205010492 395.1001025094814 343.16110582825286 199.0258695487666 
4 133.24771326594652 207.60118307175173 -0.6983022540691812 -1.0171050769126613 228.40226890896068 0.13208811479680865 1 133.24771326594652 207.60118307175173 228.40226890896068 0.13208811479680865 361.84173216419686 186.0315922377684 2 133.24771326594652 207.60118307175173 361.84173216419686 186.0315922377684 265.85788059768754 394.1965901014863 3 493.2042915781971 374.54425439756824 265.85788059768754 394.1965901014863 361.84173216419686 186.0315922377684 
4 151.32109599985472 215.09009081418378 -0.4157801443671167 -1.9637389234185774 228.0234344145948 -0.018963938464657284 1 151.32109599985472 215.09009081418378 228.0234344145948 -0.018963938464657284 377.76474338829416 173.38257701983608 2 151.32109599985472 215.09009081418378 377.76474338829416 173.38257701983608 301.0531371698257 388.523299635233 3 525.6560410272665 348.2958190377492 301.0531371698257 388.523299635233 377.76474338829416 173.38257701983608 
4 180.99270935751701 223.11367714356493 -1.247845456410813 -1.7160971300098633 228.23103984622622 -0.36274905211727404 1 180.99270935751701 223.11367714356493 228.23103984622622 -0.36274905211727404 399.616238879505 151.89637330124066 2 180.99270935751701 223.11367714356493 399.616238879505 151.89637330124066 352.92966589246 375.18748817506776 3 569.7286782272763 305.5464235773723 352.92966589246 375.18748817506776 399.616238879505 151.89637330124066 
4 202.85560511322907 226.64692640005643 -0.5970696310729559 -1.7498290173326143 228.56316537208724 0.1869359647789048 1 202.85560511322907 226.64692640005643 228.56316537208724 0.1869359647789048 413.9637705469275 134.4333710155115 2 202.85560511322907 226.64692640005643 413.9637705469275 134.4333710155115 387.8640719307533 361.32513325715286 3 598.3286614576976 270.9694127830374 387.8640719307533 361.32513325715286 413.9637705469275 134.4333710155115 
4 210.75510889822414 226.8842240366266 -1.7263953058202846 -1.5513646240352663 227.36343026752178 -0.8332092482106707 1 210.75510889822414 226.8842240366266 227.36343026752178 -0.8332092482106707 426.13489401896544 147.11544900886133 2 210.75510889822414 226.8842240366266 426.13489401896544 147.11544900886133 388.82339078913026 372.0681376057848 3 602.2918519780442 294.4510768011884 388.82339078913026 372.0681376057848 426.13489401896544 147.11544900886133 
4 203.03038595711408 225.4917573432359 -0.6952206030416528 -1.3713029363630096 228.00873307295782 -0.8585345659181302 1 203.03038595711408 225.4917573432359 228.00873307295782 -0.8585345659181302 426.40725757668577 173.83567987133074 2 203.03038595711408 225.4917573432359 426.40725757668577 173.83567987133074 361.03341628240685 392.1854847048524 3 583.9227817441541 340.8039284167603 361.03341628240685 392.1854847048524 426.40725757668577 173.83567987133074 
4 211.4310882962052 226.4631688474817 -1.4206013957675827 -1.3285966279801316 227.9589763284596 -0.5313187849868749 1 211.4310882962052 226.4631688474817 227.9589763284596 -0.5313187849868749 439.17998356269914 199.43983211831863 2 211.4310882962052 226.4631688474817 439.17998356269914 199.43983211831863 350.53540097762595 408.81670473358054 3 576.6596065025043 383.6741358806378 350.53540097762595 408.81670473358054 439.17998356269914 199.43983211831863 
4 201.75515881394574 225.5529937174387 -1.432831090889355 -0.8604663682573185 227.52791084717808 -0.5580020014512016 1 201.75515881394574 225.5529937174387 227.52791084717808 -0.5580020014512016 431.73712459999155 220.55171597442373 2 201.75515881394574 225.5529937174387 431.73712459999155 220.55171597442373 321.56796760092334 420.8882492857396 3 550.8747565702238 417.11296306990505 321.56796760092334 420.8882492857396 431.73712459999155 220.55171597442373 
4 193.63413704746864 243.66490981062714 -0.9345084893128214 -0.26505918752370966 227.64915122333724 -0.5565820622525844 1 193.63413704746864 243.66490981062714 227.64915122333724 -0.5565820622525844 423.617058678757 245.7690845270514 2 193.63413704746864 243.66490981062714 423.617058678757 245.7690845270514 307.7455862861033 442.2657384023328 3 536.3210800619967 446.3358820886625 307.7455862861033 442.2657384023328 423.617058678757 245.7690845270514 
4 155.46051148021013 260.2017329046566 -1.5265150574572983 -0.6921822899946724 227.94823381493148 -0.8219359135299085 1 155.46051148021013 260.2017329046566 227.94823381493148 -0.8219359135299085 385.7693393995496 257.70712148359644 2 155.46051148021013 260.2017329046566 385.7693393995496 257.70712148359644 273.46323080635364 456.7582182147701 3 503.17948194093873 456.59167237317905 273.46323080635364 456.7582182147701 385.7693393995496 257.70712148359644 
4 147.71634863558376 274.6960544988084 -1.4088649725965907 -0.14585760539785464 227.75860715850035 -0.6566503486918016 1 147.71634863558376 274.6960544988084 227.75860715850035 -0.6566503486918016 377.9935721025299 275.4886749270903 2 147.71634863558376 274.6960544988084 377.9935721025299 275.4886749270903 263.2257800589418 473.23439501562723 3 491.7735058090821 475.7265517961654 263.2257800589418 473.23439501562723 377.9935721025299 275.4886749270903 
4 109.79593929391123 282.3832503255181 -1.1167347767017919 -1.2159546437082327 227.8897253571852 -0.9375988659227593 1 109.79593929391123 282.3832503255181 227.8897253571852 -0.9375988659227593 339.70647694274527 280.8672415191141 2 109.79593929391123 282.3832503255181 339.70647694274527 280.8672415191141 227.82167099374072 479.7455051146807 3 456.4806067485416 478.85767926207797 227.82167099374072 479.7455051146807 339.70647694274527 280.8672415191141 
4 93.37118516892036 278.80700423526895 -0.20896673500916224 -0.9193554994594092 228.48239433642746 -0.30373249127457475 1 93.37118516892036 278.80700423526895 228.48239433642746 -0.30373249127457475 322.8042657263542 296.07844056654346 2 93.37118516892036 278.80700423526895 322.8042657263542 296.07844056654346 194.74186443910042 485.1247018945436 3 423.05975855064526 502.976298548548 194.74186443910042 485.1247018945436 322.8042657263542 296.07844056654346 
4 60.751161135976545 256.71133235041555 -0.12573613927666602 -0.37770051571071306 227.61664159023545 -0.2775411513784501 1 60.751161135976545 256.71133235041555 227.61664159023545 -0.2775411513784501 286.6206256001579 300.17230175906934 2 60.751161135976545 256.71133235041555 286.6206256001579 300.17230175906934 136.5941082475356 473.29811464033696 3 362.2964218799812 517.8334742183109 136.5941082475356 473.29811464033696 286.6206256001579 300.17230175906934 
4 41.28962129967914 249.14108320546046 -0.027445190153842725 -0.9484362333410497 228.4097195944181 0.029140936417097633 1 41.28962129967914 249.14108320546046 228.4097195944181 0.029140936417097633 263.71284770573885 309.10294482532436 2 41.28962129967914 249.14108320546046 263.71284770573885 309.10294482532436 101.28589548204474 470.7971583415715 3 323.34755607288236 531.9034366611824 101.28589548204474 470.7971583415715 263.71284770573885 309.10294482532436 
4 28.436736607340393 230.63391924865488 -0.9402744226148975 -1.0992106866667197 228.36154986642495 -0.17919071606665127 1 28.436736607340393 230.63391924865488 228.36154986642495 -0.17919071606665127 245.74673362149193 306.4864439608364 2 28.436736607340393 230.63391924865488 245.74673362149193 306.4864439608364 72.70696185155509 455.7528768831404 3 289.3755953621031 532.8184737328459 72.70696185155509 455.7528768831404 245.74673362149193 306.4864439608364 
4 12.439464006442662 227.23105102351525 0.11125629826089632 -1.4571838809925304 228.07672140456106 0.4862390443969842 1 12.439464006442662 227.23105102351525 228.07672140456106 0.4862390443969842 232.0984027470069 294.43555829705616 2 12.439464006442662 227.23105102351525 232.0984027470069 294.43555829705616 64.2155057961759 450.43468920366314 3 282.9921580633615 519.68688595671 64.2155057961759 450.43468920366314 232.0984027470069 294.43555829705616 
4 24.467120023939806 225.8194573289385 -1.033718353412456 -1.6763543018373548 228.26315819911437 0.7561725684532246 1 24.467120023939806 225.8194573289385 228.26315819911437 0.7561725684532246 250.46645177027762 269.9392115319002 2 24.467120023939806 225.8194573289385 250.46645177027762 269.9392115319002 99.85710452143773 442.53721198506145 3 325.01398009702126 488.27171026678974 99.85710452143773 442.53721198506145 250.46645177027762 269.9392115319002 
4 13.958499759612323 227.1565751452024 0.37493484387681003 -1.20540848775205 228.75139989112103 0.3458754487388954 1 13.958499759612323 227.1565751452024 228.75139989112103 0.3458754487388954 242.30695428947257 254.49577957278007 2 13.958499759612323 227.1565751452024 242.30695428947257 254.49577957278007 105.59067031372504 437.81643300401004 3 333.56679820330953 465.8831295557426 105.59067031372504 437.81643300401004 242.30695428947257 254.49577957278007 
4 24.494126352594044 226.18926277195627 -0.044666000466456246 -1.5260867728084992 228.78863437536825 -0.03109363472366429 1 24.494126352594044 226.18926277195627 228.78863437536825 -0.03109363472366429 254.6801553074714 229.40805641840507 2 24.494126352594044 226.18926277195627 254.6801553074714 229.40805641840507 137.64125735627022 425.83197549473755 3 366.2055374829228 430.4812096095206 137.64125735627022 425.83197549473755 254.6801553074714 229.40805641840507 
4 40.21589951223956 223.61624896487305 -0.7289625457917495 -1.1373987155970335 228.3723728974772 0.3312132740123442 1 40.21589951223956 223.61624896487305 228.3723728974772 0.3312132740123442 269.9761073689866 229.57316337736103 2 40.21589951223956 223.61624896487305 269.9761073689866 229.57316337736103 150.76190301236608 424.301245792172 3 379.71912910075594 431.8214765780995 150.76190301236608 424.301245792172 269.9761073689866 229.57316337736103 
4 72.91692687236956 215.0280006726424 -1.0229146521730406 -1.2019028429482925 228.32113413040184 0.21227420843872488 1 72.91692687236956 215.0280006726424 228.32113413040184 0.21227420843872488 303.09409291140287 216.32269835037053 2 72.91692687236956 215.0280006726424 303.09409291140287 216.32269835037053 187.98167285717537 413.66034130365426 3 416.9699548203647 416.42899754030714 187.98167285717537 413.66034130365426 303.09409291140287 216.32269835037053 
4 87.85630499449796 209.4387080078297 0.2687318301129189 -1.2491008849179024 228.95489959930615 0.018523123138955266 1 87.85630499449796 209.4387080078297 228.95489959930615 0.018523123138955266 317.7641518892449 216.30353778761167 2 87.85630499449796 209.4387080078297 317.7641518892449 216.30353778761167 197.54651689673682 410.92871310205476 3 426.37122382997677 419.26023618672485 197.54651689673682 410.92871310205476 317.7641518892449 216.30353778761167 
4 112.46115581594697 197.18404828490128 -1.575146309775138 -0.46898422073937673 228.2419021605441 0.04421932333647672 1 112.46115581594697 197.18404828490128 228.2419021605441 0.04421932333647672 342.1534938644049 198.74544279126934 2 112.46115581594697 197.18404828490128 342.1534938644049 198.74544279126934 228.11266059105867 395.8630714285415 3 455.791812607449 398.6009786104965 228.11266059105867 395.8630714285415 342.1534938644049 198.74544279126934 
